4.449999999999999746e-05
4.453061224489795669e-05
4.456122448979591593e-05
4.459183673469387517e-05
4.462244897959183440e-05
4.465306122448979364e-05
4.468367346938775287e-05
4.471428571428571211e-05
4.474489795918367135e-05
4.477551020408163058e-05
4.480612244897958982e-05
4.483673469387754906e-05
4.486734693877550829e-05
4.489795918367346753e-05
4.492857142857142677e-05
4.495918367346938600e-05
4.498979591836734524e-05
4.502040816326530447e-05
4.505102040816326371e-05
4.508163265306122295e-05
4.511224489795918218e-05
4.514285714285714142e-05
4.517346938775510066e-05
4.520408163265305989e-05
4.523469387755101913e-05
4.526530612244897836e-05
4.529591836734693760e-05
4.532653061224489684e-05
4.535714285714285607e-05
4.538775510204081531e-05
4.541836734693877455e-05
4.544897959183673378e-05
4.547959183673469302e-05
4.551020408163265226e-05
4.554081632653061149e-05
4.557142857142857073e-05
4.560204081632652996e-05
4.563265306122448920e-05
4.566326530612244844e-05
4.569387755102040767e-05
4.572448979591836691e-05
4.575510204081632615e-05
4.578571428571428538e-05
4.581632653061224462e-05
4.584693877551020385e-05
4.587755102040816309e-05
4.590816326530612233e-05
4.593877551020408156e-05
4.596938775510204080e-05
4.600000000000000004e-05
