5.329979000000000269e+03
4.920000790000000052e+03
4.568567339999999604e+03
4.263992290000000139e+03
3.997489579999999933e+03
3.762340479999999843e+03
3.553331959999999981e+03
3.366311970000000201e+03
3.197994220000000041e+03
3.045706920000000082e+03
2.907264090000000124e+03
2.780867630000000190e+03
2.664996599999999944e+03
2.558395370000000185e+03
2.459994340000000193e+03
2.368882360000000062e+03
2.284283669999999802e+03
2.205514230000000225e+03
2.131996149999999943e+03
2.063221219999999903e+03
1.998744789999999966e+03
1.938179820000000063e+03
1.881173780000000079e+03
1.827425269999999955e+03
1.776662820000000011e+03
1.728644330000000082e+03
1.683155980000000000e+03
1.639997569999999996e+03
1.598997110000000021e+03
1.559996689999999944e+03
1.522853460000000041e+03
1.487440059999999903e+03
1.453634160000000065e+03
1.421330760000000055e+03
1.390431880000000092e+03
1.360847860000000082e+03
1.332498299999999972e+03
1.305304100000000062e+03
1.279197689999999966e+03
1.254115070000000060e+03
1.229997170000000096e+03
1.206790850000000091e+03
1.184442579999999907e+03
1.162906989999999951e+03
1.142140529999999899e+03
1.122102730000000065e+03
1.102757110000000011e+03
1.084066070000000082e+03
1.065998070000000098e+03
1.048522470000000112e+03
1.031610609999999951e+03
1.015236670000000004e+03
9.993733899999999721e+02
9.839982199999999466e+02
9.690889700000000175e+02
9.546247799999999870e+02
9.405860000000000127e+02
9.269550199999999904e+02
9.137126299999999901e+02
9.008432800000000498e+02
8.883314100000000053e+02
8.761623399999999720e+02
8.643229099999999789e+02
8.527984599999999773e+02
8.415772799999999734e+02
8.306475699999999733e+02
8.199981099999999969e+02
8.096189200000000028e+02
7.994985500000000229e+02
7.896280799999999545e+02
7.799983499999999594e+02
7.706006599999999480e+02
7.614273100000000341e+02
7.524692300000000387e+02
7.437194700000000012e+02
7.351708700000000363e+02
7.268165500000000065e+02
7.186504899999999907e+02
7.106653800000000274e+02
7.028557700000000068e+02
6.952159400000000460e+02
6.877404099999999971e+02
6.804243900000000167e+02
6.732619399999999814e+02
6.662487099999999600e+02
6.593800800000000208e+02
6.526516299999999546e+02
6.460595200000000204e+02
6.395988399999999956e+02
6.332661000000000513e+02
6.270575300000000425e+02
6.209695199999999886e+02
6.149989600000000110e+02
6.091417599999999766e+02
6.033950599999999440e+02
5.977557900000000473e+02
5.922209400000000414e+02
5.867880000000000109e+02
5.814534899999999880e+02
5.762151099999999815e+02
5.710702700000000505e+02
5.660164800000000014e+02
5.610516800000000330e+02
5.561729100000000017e+02
5.513782499999999800e+02
5.466655600000000277e+02
5.420327399999999898e+02
5.374780799999999772e+02
5.329990400000000363e+02
5.285940299999999752e+02
5.242612400000000434e+02
5.199989000000000487e+02
5.158055699999999888e+02
5.116790700000000243e+02
5.076180800000000204e+02
5.036210399999999936e+02
4.996864499999999794e+02
4.958131099999999947e+02
4.919991099999999733e+02
4.882433399999999892e+02
4.845444800000000214e+02
4.809012500000000045e+02
4.773126199999999812e+02
4.737769200000000183e+02
4.702932200000000194e+02
4.668603800000000206e+02
4.634772899999999822e+02
4.601431000000000040e+02
4.568563199999999824e+02
4.536161599999999794e+02
4.504216400000000249e+02
4.472717999999999847e+02
4.441659000000000219e+02
4.411026499999999828e+02
4.380813600000000179e+02
4.351011799999999994e+02
4.321612700000000018e+02
4.292610099999999989e+02
4.263992299999999886e+02
4.235753599999999892e+02
4.207886399999999867e+02
4.180383600000000115e+02
4.153239599999999996e+02
4.126444200000000251e+02
4.099992300000000114e+02
4.073877299999999764e+02
4.048093000000000075e+02
4.022632899999999836e+02
3.997492799999999988e+02
3.972663299999999822e+02
3.948140399999999772e+02
3.923918400000000020e+02
3.899991699999999923e+02
3.876356599999999730e+02
3.999989999999999934e+00
3.764559999999999906e+00
3.555299999999999905e+00
3.368079999999999963e+00
3.199590000000000156e+00
3.047159999999999869e+00
2.908589999999999787e+00
2.782070000000000043e+00
2.666110000000000202e+00
2.559419999999999806e+00
2.460939999999999905e+00
2.369759999999999867e+00
2.285099999999999909e+00
2.206269999999999953e+00
2.132709999999999884e+00
2.063889999999999780e+00
1.999370000000000092e+00
1.938770000000000104e+00
1.881729999999999903e+00
1.827949999999999964e+00
1.777160000000000073e+00
1.729109999999999925e+00
1.683599999999999985e+00
1.640419999999999989e+00
1.599399999999999933e+00
1.560380000000000100e+00
1.523220000000000018e+00
1.487780000000000102e+00
1.453959999999999919e+00
1.421650000000000080e+00
1.390730000000000022e+00
1.361140000000000017e+00
1.332780000000000076e+00
1.305569999999999897e+00
1.279449999999999976e+00
1.254359999999999919e+00
1.230229999999999935e+00
1.207019999999999982e+00
1.184660000000000046e+00
1.163119999999999932e+00
1.142339999999999911e+00
1.122300000000000075e+00
1.102950000000000097e+00
1.084249999999999936e+00
1.066179999999999906e+00
1.048689999999999900e+00
1.031779999999999919e+00
1.015400000000000080e+00
9.995300000000000296e-01
9.841499999999999693e-01
9.692399999999999904e-01
9.547700000000000076e-01
9.407200000000000006e-01
9.270899999999999697e-01
9.138399999999999856e-01
9.009700000000000486e-01
8.884499999999999620e-01
8.762799999999999478e-01
8.644399999999999862e-01
8.529099999999999460e-01
8.416900000000000492e-01
8.307600000000000540e-01
8.201000000000000512e-01
8.097199999999999953e-01
7.995999999999999774e-01
7.897300000000000431e-01
7.800899999999999501e-01
7.706899999999999862e-01
7.615199999999999747e-01
7.525600000000000067e-01
7.438099999999999712e-01
7.352600000000000247e-01
7.268999999999999906e-01
7.187299999999999800e-01
7.107400000000000384e-01
7.029300000000000548e-01
6.952899999999999636e-01
6.878100000000000325e-01
6.804999999999999938e-01
6.733299999999999841e-01
6.663200000000000234e-01
6.594499999999999806e-01
6.527199999999999669e-01
6.461200000000000276e-01
6.396600000000000064e-01
6.333299999999999486e-01
6.271200000000000108e-01
6.210299999999999709e-01
6.150600000000000511e-01
6.091999999999999638e-01
6.034500000000000419e-01
5.978099999999999525e-01
5.922800000000000287e-01
5.868400000000000283e-01
5.815099999999999714e-01
5.762699999999999489e-01
5.711199999999999610e-01
5.660699999999999621e-01
5.611000000000000432e-01
5.562200000000000477e-01
5.514299999999999757e-01
5.467100000000000293e-01
5.420800000000000063e-01
5.375199999999999978e-01
5.330399999999999583e-01
5.286399999999999988e-01
5.242999999999999883e-01
5.200399999999999467e-01
5.158500000000000307e-01
5.117199999999999527e-01
5.076600000000000001e-01
5.036599999999999966e-01
4.997300000000000075e-01
4.958500000000000130e-01
4.920399999999999774e-01
4.882799999999999918e-01
4.845800000000000107e-01
4.809399999999999786e-01
4.773499999999999965e-01
4.738100000000000089e-01
4.703300000000000258e-01
4.668900000000000272e-01
4.635099999999999776e-01
4.601799999999999780e-01
4.568900000000000183e-01
4.536499999999999977e-01
4.504500000000000171e-01
4.472999999999999754e-01
4.441999999999999837e-01
4.411300000000000221e-01
4.381099999999999994e-01
4.351300000000000168e-01
4.321900000000000186e-01
4.292900000000000049e-01
4.264299999999999757e-01
4.235999999999999766e-01
4.208200000000000274e-01
4.180699999999999972e-01
4.153499999999999970e-01
4.126699999999999813e-01
4.100300000000000056e-01
4.074099999999999944e-01
4.048300000000000232e-01
4.022899999999999809e-01
