5.329979000000000269e+03
4.920000790000000052e+03
4.568567339999999604e+03
4.263992290000000139e+03
3.997489579999999933e+03
3.762340479999999843e+03
3.553331959999999981e+03
3.366311970000000656e+03
3.197994220000000041e+03
3.045706920000000537e+03
2.907264090000000124e+03
2.780867630000000190e+03
2.664996600000000399e+03
2.558395370000000185e+03
2.459994340000000648e+03
2.368882360000000517e+03
2.284283669999999802e+03
2.205514230000000225e+03
2.131996149999999943e+03
2.063221219999999903e+03
1.998744789999999966e+03
1.938179820000000291e+03
1.881173780000000306e+03
1.827425270000000182e+03
1.776662820000000011e+03
1.728644330000000082e+03
1.683155980000000000e+03
1.639997569999999996e+03
1.598997110000000021e+03
1.559996690000000171e+03
1.522853460000000268e+03
1.487440059999999903e+03
1.453634160000000293e+03
1.421330760000000282e+03
1.390431880000000092e+03
1.360847860000000082e+03
1.332498300000000199e+03
1.305304100000000062e+03
1.279197690000000193e+03
1.254115070000000060e+03
1.229997170000000324e+03
1.206790850000000091e+03
1.184442579999999907e+03
1.162906989999999951e+03
1.142140529999999899e+03
1.122102730000000065e+03
1.102757110000000011e+03
1.084066070000000082e+03
1.065998070000000098e+03
1.048522470000000112e+03
1.031610609999999951e+03
1.015236670000000117e+03
9.993733899999999721e+02
9.839982199999999466e+02
9.690889700000001312e+02
9.546247799999999870e+02
9.405860000000000127e+02
9.269550199999999904e+02
9.137126300000001038e+02
9.008432800000000498e+02
8.883314100000000053e+02
8.761623399999999720e+02
8.643229100000000926e+02
8.527984600000000910e+02
8.415772799999999734e+02
8.306475699999999733e+02
8.199981100000001106e+02
8.096189200000001165e+02
7.994985500000000229e+02
7.896280799999999545e+02
7.799983500000000731e+02
7.706006599999999480e+02
7.614273100000000341e+02
7.524692300000000387e+02
7.437194700000001149e+02
7.351708700000000363e+02
7.268165500000000065e+02
7.186504899999999907e+02
7.106653800000001411e+02
7.028557700000000068e+02
6.952159400000000460e+02
6.877404100000001108e+02
6.804243900000001304e+02
6.732619400000000951e+02
6.662487100000000737e+02
6.593800800000000208e+02
6.526516299999999546e+02
6.460595200000001341e+02
6.395988400000001093e+02
6.332661000000000513e+02
6.270575300000000425e+02
6.209695199999999886e+02
6.149989600000000110e+02
6.091417599999999766e+02
6.033950599999999440e+02
5.977557900000000473e+02
5.922209400000001551e+02
5.867880000000000109e+02
5.814534899999999880e+02
5.762151099999999815e+02
5.710702700000000505e+02
5.660164800000000014e+02
5.610516800000000330e+02
5.561729100000001154e+02
5.513782499999999800e+02
5.466655600000000277e+02
5.420327399999999898e+02
5.374780799999999772e+02
5.329990400000000363e+02
5.285940299999999752e+02
5.242612400000000434e+02
5.199989000000000487e+02
5.158055699999999888e+02
5.116790700000000811e+02
5.076180800000000772e+02
5.036210400000000504e+02
4.996864499999999794e+02
4.958131100000000515e+02
4.919991099999999733e+02
4.882433400000000461e+02
4.845444800000000214e+02
4.809012500000000614e+02
4.773126200000000381e+02
4.737769200000000751e+02
4.702932200000000762e+02
4.668603800000000774e+02
4.634772899999999822e+02
4.601431000000000040e+02
4.568563200000000393e+02
4.536161599999999794e+02
4.504216400000000249e+02
4.472717999999999847e+02
4.441659000000000788e+02
4.411026500000000397e+02
4.380813600000000179e+02
4.351011799999999994e+02
4.321612700000000018e+02
4.292610099999999989e+02
4.263992300000000455e+02
4.235753599999999892e+02
4.207886399999999867e+02
4.180383600000000115e+02
4.153239599999999996e+02
4.126444200000000251e+02
4.099992300000000114e+02
4.073877299999999764e+02
4.048093000000000643e+02
4.022632899999999836e+02
3.997492799999999988e+02
3.972663299999999822e+02
3.948140399999999772e+02
3.923918400000000588e+02
3.899991699999999923e+02
3.876356599999999730e+02
3.999989999999999934e+00
3.975130000000000052e+00
3.950579999999999981e+00
3.926330000000000542e+00
3.902369999999999894e+00
3.878710000000000324e+00
3.855330000000000368e+00
3.832230000000000469e+00
3.809400000000000119e+00
3.786850000000000271e+00
3.764559999999999906e+00
3.742529999999999912e+00
3.720759999999999845e+00
3.699240000000000528e+00
3.677970000000000628e+00
3.656940000000000079e+00
3.636150000000000215e+00
3.615590000000000082e+00
3.595270000000000632e+00
3.575169999999999959e+00
3.555299999999999905e+00
3.535650000000000404e+00
3.516210000000000502e+00
3.496989999999999821e+00
3.477970000000000006e+00
3.459159999999999791e+00
3.440549999999999997e+00
3.422140000000000182e+00
3.403930000000000344e+00
3.385909999999999975e+00
3.368079999999999963e+00
3.350439999999999863e+00
3.332980000000000498e+00
3.315700000000000092e+00
3.298599999999999977e+00
3.281680000000000597e+00
3.264920000000000044e+00
3.248339999999999783e+00
3.231930000000000636e+00
3.215679999999999872e+00
3.199590000000000156e+00
3.183670000000000666e+00
3.167899999999999938e+00
3.152289999999999814e+00
3.136829999999999785e+00
3.121519999999999850e+00
3.106360000000000454e+00
3.091340000000000199e+00
3.076470000000000482e+00
3.061749999999999972e+00
3.047160000000000313e+00
3.032709999999999795e+00
3.018400000000000638e+00
3.004220000000000113e+00
2.990180000000000060e+00
2.976259999999999906e+00
2.962479999999999780e+00
2.948819999999999997e+00
2.935290000000000621e+00
2.921879999999999811e+00
2.908589999999999787e+00
2.895420000000000105e+00
2.882369999999999877e+00
2.869440000000000435e+00
2.856630000000000003e+00
2.843929999999999847e+00
2.831339999999999968e+00
2.818860000000000365e+00
2.806490000000000151e+00
2.794230000000000658e+00
2.782070000000000487e+00
2.770020000000000593e+00
2.758080000000000087e+00
2.746240000000000236e+00
2.734500000000000153e+00
2.722859999999999836e+00
2.711310000000000109e+00
2.699870000000000214e+00
2.688520000000000465e+00
2.677270000000000039e+00
2.666110000000000202e+00
2.655040000000000067e+00
2.644060000000000077e+00
2.633180000000000298e+00
2.622380000000000155e+00
2.611670000000000158e+00
2.601049999999999862e+00
2.590520000000000156e+00
2.580070000000000530e+00
2.569700000000000095e+00
2.559419999999999806e+00
2.549220000000000486e+00
2.539099999999999913e+00
2.529059999999999864e+00
2.519099999999999895e+00
2.509210000000000385e+00
2.499410000000000576e+00
2.489680000000000337e+00
2.480030000000000179e+00
2.470450000000000035e+00
2.460939999999999905e+00
2.451509999999999856e+00
2.442149999999999821e+00
2.432859999999999800e+00
2.423639999999999795e+00
2.414489999999999803e+00
2.405409999999999826e+00
2.396399999999999864e+00
2.387449999999999850e+00
2.378570000000000295e+00
2.369759999999999867e+00
2.361009999999999831e+00
2.352329999999999810e+00
2.343710000000000182e+00
2.335150000000000503e+00
2.326659999999999950e+00
2.318229999999999791e+00
2.309849999999999959e+00
2.301540000000000141e+00
2.293289999999999829e+00
2.285099999999999909e+00
2.276959999999999873e+00
2.268889999999999851e+00
2.260870000000000157e+00
2.252899999999999903e+00
2.244990000000000041e+00
2.237140000000000128e+00
2.229340000000000099e+00
2.221600000000000019e+00
2.213909999999999823e+00
2.206269999999999953e+00
2.198690000000000033e+00
2.191159999999999997e+00
2.183680000000000287e+00
2.176250000000000018e+00
2.168870000000000076e+00
2.161540000000000017e+00
2.154260000000000286e+00
2.147029999999999994e+00
2.139839999999999964e+00
2.132710000000000328e+00
2.125620000000000065e+00
2.118580000000000130e+00
2.111580000000000013e+00
2.104639999999999844e+00
2.097729999999999873e+00
2.090879999999999850e+00
2.084060000000000024e+00
2.077290000000000081e+00
2.070570000000000022e+00
2.063889999999999780e+00
2.057249999999999801e+00
2.050650000000000084e+00
2.044100000000000250e+00
2.037589999999999790e+00
2.031120000000000037e+00
2.024690000000000101e+00
2.018299999999999983e+00
2.011950000000000127e+00
2.005640000000000089e+00
1.999370000000000314e+00
1.993139999999999912e+00
1.986949999999999994e+00
1.980800000000000116e+00
1.974680000000000213e+00
1.968600000000000128e+00
1.962560000000000082e+00
1.956560000000000299e+00
1.950590000000000046e+00
1.944660000000000277e+00
1.938770000000000104e+00
1.932910000000000128e+00
1.927080000000000126e+00
1.921289999999999942e+00
1.915540000000000020e+00
1.909820000000000295e+00
1.904130000000000100e+00
1.898479999999999945e+00
1.892860000000000209e+00
1.887280000000000069e+00
1.881730000000000125e+00
1.876210000000000155e+00
1.870720000000000161e+00
1.865260000000000140e+00
1.859840000000000160e+00
1.854450000000000154e+00
1.849089999999999900e+00
1.843760000000000066e+00
1.838460000000000205e+00
1.833190000000000097e+00
1.827949999999999964e+00
1.822740000000000027e+00
1.817560000000000064e+00
1.812410000000000077e+00
1.807290000000000285e+00
1.802190000000000181e+00
1.797129999999999894e+00
1.792100000000000248e+00
1.787090000000000067e+00
1.782110000000000083e+00
1.777160000000000073e+00
1.772229999999999972e+00
1.767340000000000133e+00
1.762469999999999981e+00
1.757620000000000182e+00
1.752809999999999979e+00
1.748019999999999907e+00
1.743249999999999966e+00
1.738510000000000222e+00
1.733800000000000008e+00
1.729110000000000147e+00
1.724450000000000260e+00
1.719810000000000061e+00
1.715200000000000058e+00
1.710609999999999964e+00
1.706050000000000288e+00
1.701510000000000078e+00
1.697000000000000064e+00
1.692510000000000181e+00
1.688040000000000207e+00
1.683599999999999985e+00
1.679180000000000117e+00
1.674780000000000157e+00
1.670410000000000172e+00
1.666060000000000318e+00
1.661730000000000151e+00
1.657419999999999893e+00
1.653140000000000054e+00
1.648879999999999901e+00
1.644640000000000102e+00
1.640420000000000211e+00
1.636220000000000230e+00
1.632050000000000001e+00
1.627890000000000059e+00
1.623760000000000092e+00
1.619650000000000034e+00
1.615560000000000107e+00
1.611490000000000311e+00
1.607440000000000202e+00
1.603410000000000224e+00
1.599399999999999933e+00
1.595409999999999995e+00
1.591439999999999966e+00
1.587490000000000290e+00
1.583560000000000079e+00
1.579649999999999999e+00
1.575749999999999984e+00
1.571879999999999944e+00
1.568030000000000035e+00
1.564189999999999969e+00
1.560380000000000322e+00
1.556580000000000075e+00
1.552799999999999958e+00
1.549039999999999973e+00
1.545299999999999896e+00
1.541570000000000107e+00
1.537870000000000070e+00
1.534180000000000321e+00
1.530510000000000259e+00
1.526850000000000041e+00
1.523220000000000018e+00
1.519600000000000062e+00
1.516000000000000014e+00
1.512410000000000032e+00
1.508839999999999959e+00
1.505290000000000239e+00
1.501759999999999984e+00
1.498240000000000016e+00
1.494739999999999958e+00
1.491249999999999964e+00
1.487780000000000102e+00
1.484330000000000149e+00
1.480900000000000327e+00
1.477470000000000283e+00
1.474069999999999991e+00
1.470679999999999987e+00
1.467309999999999892e+00
1.463950000000000085e+00
1.460599999999999898e+00
1.457279999999999909e+00
1.453959999999999919e+00
1.450669999999999904e+00
1.447380000000000333e+00
1.444120000000000070e+00
1.440860000000000030e+00
1.437619999999999898e+00
1.434399999999999897e+00
1.431190000000000184e+00
1.427990000000000093e+00
1.424809999999999910e+00
1.421650000000000080e+00
1.418490000000000251e+00
1.415350000000000108e+00
1.412230000000000318e+00
1.409120000000000150e+00
1.406020000000000048e+00
1.402940000000000076e+00
1.399869999999999948e+00
1.396810000000000107e+00
1.393760000000000332e+00
1.390730000000000022e+00
1.387720000000000065e+00
1.384710000000000107e+00
1.381720000000000281e+00
1.378740000000000077e+00
1.375780000000000225e+00
1.372819999999999929e+00
1.369879999999999987e+00
1.366960000000000175e+00
1.364039999999999919e+00
1.361140000000000017e+00
1.358250000000000179e+00
1.355369999999999964e+00
1.352500000000000036e+00
1.349650000000000238e+00
1.346810000000000285e+00
1.343980000000000175e+00
1.341159999999999908e+00
1.338350000000000151e+00
1.335560000000000080e+00
1.332780000000000298e+00
1.330000000000000071e+00
1.327239999999999975e+00
1.324500000000000011e+00
1.321760000000000268e+00
1.319029999999999925e+00
1.316319999999999935e+00
1.313609999999999944e+00
1.310920000000000307e+00
1.308240000000000069e+00
1.305570000000000119e+00
1.302910000000000235e+00
1.300259999999999971e+00
1.297619999999999996e+00
1.294999999999999929e+00
1.292380000000000306e+00
1.289770000000000083e+00
1.287179999999999991e+00
1.284589999999999899e+00
1.282019999999999937e+00
1.279449999999999976e+00
1.276899999999999924e+00
1.274350000000000094e+00
1.271819999999999951e+00
1.269300000000000095e+00
1.266780000000000017e+00
1.264280000000000070e+00
1.261779999999999902e+00
1.259300000000000086e+00
1.256829999999999892e+00
1.254360000000000142e+00
1.251910000000000078e+00
1.249460000000000237e+00
1.247020000000000017e+00
1.244600000000000151e+00
1.242180000000000284e+00
1.239770000000000261e+00
1.237370000000000081e+00
1.234990000000000032e+00
1.232609999999999983e+00
1.230229999999999935e+00
1.227870000000000239e+00
1.225519999999999943e+00
1.223179999999999934e+00
1.220840000000000147e+00
1.218520000000000048e+00
1.216199999999999948e+00
1.213889999999999914e+00
1.211589999999999945e+00
1.209300000000000042e+00
1.207019999999999982e+00
1.204739999999999922e+00
1.202479999999999993e+00
1.200220000000000065e+00
1.197969999999999979e+00
1.195740000000000025e+00
1.193500000000000005e+00
1.191280000000000117e+00
1.189070000000000293e+00
1.186860000000000026e+00
1.184660000000000046e+00
1.182469999999999910e+00
1.180290000000000283e+00
1.178120000000000056e+00
1.175950000000000051e+00
1.173789999999999889e+00
1.171640000000000015e+00
1.169500000000000206e+00
1.167359999999999953e+00
1.165240000000000054e+00
1.163119999999999932e+00
1.161010000000000097e+00
1.158900000000000041e+00
1.156809999999999894e+00
1.154720000000000191e+00
1.152640000000000109e+00
1.150560000000000027e+00
1.148500000000000076e+00
1.146439999999999904e+00
1.144390000000000018e+00
1.142339999999999911e+00
1.140309999999999935e+00
1.138279999999999959e+00
1.136260000000000048e+00
1.134240000000000137e+00
1.132230000000000070e+00
1.130230000000000290e+00
1.128240000000000132e+00
1.126249999999999973e+00
1.124270000000000103e+00
1.122300000000000075e+00
1.120330000000000270e+00
1.118379999999999930e+00
1.116419999999999968e+00
1.114479999999999915e+00
1.112540000000000084e+00
1.110610000000000097e+00
1.108680000000000110e+00
1.106759999999999966e+00
1.104850000000000110e+00
1.102950000000000097e+00
1.101050000000000084e+00
1.099159999999999915e+00
1.097269999999999968e+00
1.095390000000000086e+00
1.093520000000000048e+00
1.091650000000000009e+00
1.089790000000000258e+00
1.087940000000000129e+00
1.086090000000000000e+00
1.084249999999999936e+00
1.082410000000000094e+00
1.080589999999999939e+00
1.078759999999999941e+00
1.076950000000000074e+00
1.075139999999999985e+00
1.073329999999999895e+00
1.071530000000000094e+00
1.069739999999999913e+00
1.067960000000000020e+00
1.066179999999999906e+00
1.064400000000000013e+00
1.062629999999999963e+00
1.060869999999999980e+00
1.059109999999999996e+00
1.057360000000000300e+00
1.055620000000000003e+00
1.053879999999999928e+00
1.052140000000000075e+00
1.050419999999999909e+00
1.048690000000000122e+00
1.046980000000000022e+00
1.045269999999999921e+00
1.043560000000000043e+00
1.041860000000000008e+00
1.040170000000000039e+00
1.038480000000000070e+00
1.036790000000000322e+00
1.035120000000000040e+00
1.033439999999999914e+00
1.031779999999999919e+00
1.030119999999999925e+00
1.028459999999999930e+00
1.026810000000000000e+00
1.025160000000000071e+00
1.023519999999999985e+00
1.021889999999999965e+00
1.020259999999999945e+00
1.018629999999999924e+00
1.017009999999999970e+00
1.015400000000000080e+00
1.013789999999999969e+00
1.012180000000000302e+00
1.010580000000000034e+00
1.008990000000000054e+00
1.007400000000000073e+00
1.005819999999999936e+00
1.004240000000000022e+00
1.002660000000000107e+00
1.001090000000000035e+00
9.995300000000001406e-01
9.979700000000000237e-01
9.964100000000000179e-01
9.948700000000000321e-01
9.933200000000000918e-01
9.917799999999999949e-01
9.902400000000000091e-01
9.887099999999999778e-01
9.871900000000000119e-01
9.856700000000000461e-01
9.841499999999999693e-01
9.826400000000000690e-01
9.811300000000000576e-01
9.796300000000001118e-01
9.781300000000000550e-01
9.766400000000000636e-01
9.751500000000000723e-01
9.736600000000000810e-01
9.721800000000000441e-01
9.707100000000000728e-01
9.692400000000001015e-01
9.677700000000001301e-01
9.663100000000000023e-01
9.648500000000000965e-01
9.634000000000000341e-01
9.619499999999999718e-01
9.605000000000000204e-01
9.590600000000001346e-01
9.576299999999999812e-01
9.561900000000000954e-01
9.547700000000001186e-01
9.533400000000000762e-01
9.519300000000000539e-01
9.505099999999999660e-01
9.491000000000001657e-01
9.476900000000001434e-01
9.462900000000000755e-01
9.448900000000001187e-01
9.435000000000000053e-01
9.421100000000001140e-01
9.407200000000000006e-01
9.393399999999999528e-01
9.379699999999999704e-01
9.365900000000000336e-01
9.352200000000000513e-01
9.338600000000000234e-01
9.324999999999999956e-01
9.311400000000000787e-01
9.297800000000000509e-01
9.284300000000000885e-01
9.270899999999999697e-01
9.257499999999999618e-01
9.244100000000000650e-01
9.230800000000001226e-01
9.217400000000000038e-01
9.204200000000001269e-01
9.191000000000000281e-01
9.177800000000001512e-01
9.164600000000000524e-01
9.151500000000000190e-01
9.138400000000000967e-01
9.125400000000000178e-01
9.112400000000000500e-01
9.099400000000000821e-01
9.086500000000000687e-01
9.073600000000000554e-01
9.060800000000001075e-01
9.047899999999999832e-01
9.035200000000001008e-01
9.022400000000000420e-01
9.009700000000001596e-01
8.997000000000000552e-01
8.984400000000000164e-01
8.971799999999999775e-01
8.959200000000000497e-01
8.946700000000000763e-01
8.934199999999999919e-01
8.921700000000001296e-01
8.909300000000001107e-01
8.896900000000000919e-01
8.884499999999999620e-01
8.872200000000001197e-01
8.859900000000000553e-01
8.847700000000000564e-01
8.835500000000000576e-01
8.823299999999999477e-01
8.811099999999999488e-01
8.799000000000000155e-01
8.786899999999999711e-01
8.774800000000001488e-01
8.762799999999999478e-01
8.750800000000000800e-01
8.738899999999999446e-01
8.727000000000001423e-01
8.715100000000001179e-01
8.703199999999999825e-01
8.691400000000000237e-01
8.679599999999999538e-01
8.667799999999999949e-01
8.656099999999999905e-01
8.644399999999999862e-01
8.632699999999999818e-01
8.621100000000000430e-01
8.609500000000001041e-01
8.597900000000001652e-01
8.586400000000000698e-01
8.574899999999999745e-01
8.563399999999999901e-01
8.551900000000000057e-01
8.540499999999999758e-01
8.529099999999999460e-01
8.517799999999999816e-01
8.506399999999999517e-01
8.495100000000000984e-01
8.483900000000000885e-01
8.472600000000000131e-01
8.461400000000000032e-01
8.450199999999999934e-01
8.439100000000001600e-01
8.427999999999999936e-01
8.416900000000001603e-01
8.405799999999999939e-01
8.394800000000000040e-01
8.383800000000000141e-01
8.372800000000001353e-01
8.361899999999999888e-01
8.350899999999999990e-01
8.340100000000001401e-01
8.329199999999999937e-01
8.318400000000001349e-01
8.307600000000001650e-01
8.296799999999999731e-01
8.286000000000000032e-01
8.275299999999999878e-01
8.264600000000000835e-01
8.254000000000000226e-01
8.243300000000000072e-01
8.232699999999999463e-01
8.222099999999999964e-01
8.211600000000000010e-01
8.201000000000000512e-01
8.190499999999999448e-01
8.180100000000001259e-01
8.169600000000001305e-01
8.159199999999999786e-01
8.148800000000000487e-01
8.138400000000000079e-01
8.128100000000001435e-01
8.117800000000000571e-01
8.107500000000000817e-01
8.097200000000001063e-01
8.087000000000000854e-01
8.076799999999999535e-01
8.066600000000000437e-01
8.056400000000001338e-01
8.046300000000000674e-01
8.036200000000000010e-01
8.026100000000000456e-01
8.016000000000000902e-01
8.005999999999999783e-01
7.995999999999999774e-01
7.985999999999999766e-01
7.975999999999999757e-01
7.966100000000000403e-01
7.956200000000001049e-01
7.946299999999999475e-01
7.936499999999999666e-01
7.926600000000001423e-01
7.916800000000001614e-01
7.906999999999999584e-01
7.897300000000000431e-01
7.887499999999999512e-01
7.877800000000001468e-01
7.868100000000000094e-01
7.858400000000000940e-01
7.848800000000001331e-01
7.839200000000000612e-01
7.829599999999999893e-01
7.820000000000000284e-01
7.810500000000001330e-01
7.800900000000000611e-01
7.791400000000001658e-01
7.782000000000001139e-01
7.772500000000001075e-01
7.763100000000000556e-01
7.753700000000000037e-01
7.744299999999999518e-01
7.734900000000001219e-01
7.725600000000000245e-01
7.716200000000000836e-01
7.706899999999999862e-01
7.697700000000000653e-01
7.688400000000000789e-01
7.679200000000000470e-01
7.670000000000001261e-01
7.660799999999999832e-01
7.651599999999999513e-01
7.642499999999999849e-01
7.633400000000000185e-01
7.624300000000000521e-01
7.615199999999999747e-01
7.606100000000000083e-01
7.597100000000001074e-01
7.588099999999999845e-01
7.579100000000000836e-01
7.570099999999999607e-01
7.561200000000001253e-01
7.552200000000000024e-01
7.543299999999999450e-01
7.534399999999999986e-01
7.525600000000000067e-01
7.516699999999999493e-01
7.507900000000000684e-01
7.499099999999999655e-01
7.490299999999999736e-01
7.481600000000000472e-01
7.472800000000000553e-01
7.464100000000000179e-01
7.455400000000000915e-01
7.446700000000000541e-01
7.438100000000000822e-01
7.429400000000000448e-01
7.420800000000000729e-01
7.412200000000001010e-01
7.403600000000001291e-01
7.395100000000000007e-01
7.386500000000001398e-01
7.378000000000000114e-01
7.369500000000001050e-01
7.360999999999999766e-01
7.352600000000000247e-01
7.344100000000000072e-01
7.335700000000000554e-01
7.327299999999999924e-01
7.318900000000000405e-01
7.310499999999999776e-01
7.302200000000000912e-01
7.293899999999999828e-01
7.285600000000000964e-01
7.277299999999999880e-01
7.268999999999999906e-01
7.260699999999999932e-01
7.252500000000000613e-01
7.244300000000001294e-01
7.236100000000000865e-01
7.227900000000000436e-01
7.219800000000000662e-01
7.211600000000001343e-01
7.203500000000001569e-01
7.195399999999999574e-01
7.187300000000000910e-01
7.179200000000001136e-01
7.171200000000000907e-01
7.163199999999999568e-01
7.155100000000000904e-01
7.147200000000001330e-01
7.139199999999999990e-01
7.131199999999999761e-01
7.123300000000000187e-01
7.115299999999999958e-01
7.107400000000000384e-01
7.099600000000001465e-01
7.091699999999999671e-01
7.083800000000000097e-01
7.076000000000001178e-01
7.068200000000000038e-01
7.060400000000000009e-01
7.052600000000001090e-01
7.044799999999999951e-01
7.037099999999999467e-01
7.029300000000001658e-01
7.021600000000001174e-01
7.013899999999999579e-01
7.006200000000001316e-01
6.998600000000000376e-01
6.990899999999999892e-01
6.983300000000001173e-01
6.975700000000000234e-01
6.968100000000001515e-01
6.960499999999999465e-01
6.952900000000000746e-01
6.945400000000000462e-01
6.937799999999999523e-01
6.930300000000001459e-01
6.922800000000001175e-01
6.915300000000000891e-01
6.907900000000001262e-01
6.900400000000000977e-01
6.893000000000000238e-01
6.885599999999999499e-01
6.878100000000000325e-01
6.870800000000000241e-01
6.863399999999999501e-01
6.856000000000000982e-01
6.848699999999999788e-01
6.841399999999999704e-01
6.834100000000000730e-01
6.826800000000000646e-01
6.819499999999999451e-01
6.812200000000000477e-01
6.804999999999999938e-01
6.797699999999999854e-01
6.790500000000000425e-01
6.783299999999999885e-01
6.776100000000000456e-01
6.768999999999999462e-01
6.761800000000000033e-01
6.754700000000001259e-01
6.747499999999999609e-01
6.740400000000000835e-01
6.733299999999999841e-01
6.726200000000001067e-01
6.719200000000000728e-01
6.712099999999999733e-01
6.705100000000000504e-01
6.698100000000000165e-01
6.691099999999999826e-01
6.684099999999999486e-01
6.677100000000000257e-01
6.670099999999999918e-01
6.663200000000001344e-01
6.656199999999999894e-01
6.649300000000000210e-01
6.642400000000001636e-01
6.635499999999999732e-01
6.628699999999999593e-01
6.621800000000001019e-01
6.614900000000000224e-01
6.608100000000001195e-01
6.601300000000001056e-01
6.594500000000000917e-01
6.587700000000000777e-01
6.580899999999999528e-01
6.574100000000000499e-01
6.567400000000001015e-01
6.560700000000001531e-01
6.553900000000001391e-01
6.547199999999999687e-01
6.540500000000000203e-01
6.533900000000000263e-01
6.527199999999999669e-01
6.520500000000001295e-01
6.513900000000000245e-01
6.507300000000000306e-01
6.500599999999999712e-01
6.493999999999999773e-01
6.487500000000000488e-01
6.480900000000000549e-01
6.474299999999999500e-01
6.467800000000000216e-01
6.461200000000001387e-01
6.454699999999999882e-01
6.448199999999999488e-01
6.441700000000000204e-01
6.435199999999999809e-01
6.428800000000000070e-01
6.422299999999999676e-01
6.415900000000001047e-01
6.409399999999999542e-01
6.402999999999999803e-01
6.396600000000000064e-01
6.390200000000001435e-01
6.383900000000001240e-01
6.377500000000000391e-01
6.371099999999999541e-01
6.364800000000001567e-01
6.358500000000001373e-01
6.352200000000000069e-01
6.345899999999999874e-01
6.339599999999999680e-01
6.333299999999999486e-01
6.327000000000000401e-01
6.320799999999999752e-01
6.314499999999999558e-01
6.308300000000000018e-01
6.302100000000000479e-01
6.295900000000000940e-01
6.289700000000000291e-01
6.283500000000000751e-01
6.277300000000000102e-01
6.271200000000000108e-01
6.264999999999999458e-01
6.258899999999999464e-01
6.252799999999999470e-01
6.246699999999999475e-01
6.240599999999999481e-01
6.234499999999999487e-01
6.228400000000000603e-01
6.222400000000000153e-01
6.216300000000001269e-01
6.210299999999999709e-01
6.204300000000000370e-01
6.198300000000001031e-01
6.192299999999999471e-01
6.186300000000000132e-01
6.180300000000000793e-01
6.174300000000000344e-01
6.168400000000001659e-01
6.162400000000000100e-01
6.156500000000001416e-01
6.150600000000000511e-01
6.144699999999999607e-01
6.138799999999999812e-01
6.132900000000001128e-01
6.127000000000000224e-01
6.121100000000000430e-01
6.115300000000000180e-01
6.109499999999999931e-01
6.103600000000000136e-01
6.097800000000000997e-01
6.091999999999999638e-01
6.086200000000000498e-01
6.080400000000000249e-01
6.074600000000000000e-01
6.068900000000000405e-01
6.063100000000000156e-01
6.057399999999999451e-01
6.051600000000000312e-01
6.045899999999999608e-01
6.040200000000000014e-01
6.034500000000000419e-01
6.028800000000000825e-01
6.023199999999999665e-01
6.017500000000000071e-01
6.011800000000000477e-01
6.006200000000000427e-01
6.000600000000000378e-01
5.994899999999999674e-01
5.989299999999999624e-01
5.983699999999999575e-01
5.978099999999999525e-01
5.972499999999999476e-01
5.967000000000000082e-01
5.961400000000000032e-01
5.955899999999999528e-01
5.950299999999999478e-01
5.944800000000000084e-01
5.939299999999999580e-01
5.933699999999999530e-01
5.928200000000000136e-01
5.922800000000000287e-01
5.917299999999999782e-01
5.911800000000000388e-01
5.906400000000000539e-01
5.900900000000000034e-01
5.895500000000000185e-01
5.889999999999999680e-01
5.884599999999999831e-01
5.879199999999999982e-01
5.873800000000000132e-01
5.868400000000000283e-01
5.863000000000000433e-01
5.857700000000000129e-01
5.852300000000001390e-01
5.846999999999999975e-01
5.841600000000000126e-01
5.836299999999999821e-01
5.830999999999999517e-01
5.825700000000000323e-01
5.820400000000000018e-01
5.815099999999999714e-01
5.809800000000000519e-01
5.804500000000000215e-01
5.799199999999999910e-01
5.794000000000000261e-01
5.788699999999999957e-01
5.783500000000000307e-01
5.778299999999999548e-01
5.773099999999999898e-01
5.767900000000000249e-01
5.762699999999999489e-01
5.757499999999999840e-01
5.752300000000000191e-01
5.747100000000000541e-01
5.742000000000000437e-01
5.736799999999999677e-01
5.731699999999999573e-01
5.726599999999999469e-01
5.721399999999999819e-01
5.716299999999999715e-01
5.711199999999999610e-01
5.706099999999999506e-01
5.701000000000000512e-01
5.695999999999999952e-01
5.690899999999999848e-01
5.685800000000000853e-01
5.680800000000001404e-01
5.675700000000000189e-01
5.670699999999999630e-01
5.665700000000000180e-01
5.660700000000000731e-01
5.655700000000001282e-01
5.650699999999999612e-01
5.645700000000000163e-01
5.640699999999999603e-01
5.635700000000000154e-01
5.630800000000000249e-01
5.625800000000000800e-01
5.620900000000000896e-01
5.615900000000001446e-01
5.611000000000001542e-01
5.606100000000001637e-01
5.601199999999999513e-01
5.596299999999999608e-01
5.591399999999999704e-01
5.586499999999999799e-01
5.581599999999999895e-01
5.576799999999999535e-01
5.571899999999999631e-01
5.567100000000001492e-01
5.562200000000001587e-01
5.557400000000001228e-01
5.552600000000000868e-01
5.547700000000000964e-01
5.542900000000000604e-01
5.538100000000000245e-01
5.533299999999999885e-01
5.528600000000000181e-01
5.523799999999999821e-01
5.518999999999999462e-01
5.514299999999999757e-01
5.509500000000000508e-01
5.504799999999999693e-01
5.500000000000000444e-01
5.495299999999999629e-01
5.490599999999999925e-01
5.485900000000000221e-01
5.481200000000000516e-01
5.476499999999999702e-01
5.471799999999999997e-01
5.467100000000000293e-01
5.462500000000000133e-01
5.457800000000000429e-01
5.453099999999999614e-01
5.448499999999999455e-01
5.443900000000000405e-01
5.439199999999999591e-01
5.434600000000001652e-01
5.430000000000000382e-01
5.425400000000000222e-01
5.420800000000000063e-01
5.416199999999999903e-01
5.411599999999999744e-01
5.406999999999999584e-01
5.402500000000000080e-01
5.397899999999999920e-01
5.393400000000000416e-01
5.388800000000000257e-01
5.384299999999999642e-01
5.379800000000000137e-01
5.375199999999999978e-01
5.370700000000000474e-01
5.366199999999999859e-01
5.361700000000000355e-01
5.357199999999999740e-01
5.352700000000000236e-01
5.348300000000000276e-01
5.343799999999999661e-01
5.339300000000000157e-01
5.334900000000000198e-01
5.330399999999999583e-01
5.325999999999999623e-01
5.321599999999999664e-01
5.317100000000000160e-01
5.312700000000000200e-01
5.308300000000000241e-01
5.303900000000000281e-01
5.299500000000000322e-01
5.295100000000000362e-01
5.290700000000000403e-01
5.286399999999999988e-01
5.282000000000001139e-01
5.277699999999999614e-01
5.273299999999999654e-01
5.269000000000000350e-01
5.264600000000000390e-01
5.260299999999999976e-01
5.255999999999999561e-01
5.251700000000000257e-01
5.247300000000000297e-01
5.243000000000000993e-01
5.238699999999999468e-01
5.234499999999999709e-01
5.230200000000000404e-01
5.225899999999999990e-01
5.221599999999999575e-01
5.217399999999999816e-01
5.213100000000000511e-01
5.208900000000000752e-01
5.204600000000000337e-01
5.200399999999999467e-01
5.196199999999999708e-01
5.191999999999999948e-01
5.187800000000000189e-01
5.183600000000001540e-01
5.179399999999999560e-01
5.175199999999999800e-01
5.171000000000000041e-01
5.166800000000000281e-01
5.162600000000000522e-01
5.158500000000000307e-01
5.154300000000001658e-01
5.150200000000000333e-01
5.145999999999999464e-01
5.141900000000000359e-01
5.137800000000000145e-01
5.133600000000000385e-01
5.129500000000000171e-01
5.125399999999999956e-01
5.121299999999999741e-01
5.117199999999999527e-01
5.113100000000000422e-01
5.109000000000000208e-01
5.104899999999999993e-01
5.100900000000000434e-01
5.096800000000000219e-01
5.092799999999999550e-01
5.088700000000000445e-01
5.084699999999999775e-01
5.080599999999999561e-01
5.076600000000000001e-01
5.072600000000000442e-01
5.068500000000000227e-01
5.064499999999999558e-01
5.060499999999999998e-01
5.056500000000000439e-01
5.052499999999999769e-01
5.048500000000000210e-01
5.044600000000000195e-01
5.040599999999999525e-01
5.036600000000001076e-01
5.032600000000000406e-01
5.028700000000000392e-01
5.024699999999999722e-01
5.020799999999999708e-01
5.016899999999999693e-01
5.012900000000000134e-01
5.009000000000000119e-01
5.005100000000000104e-01
5.001200000000000090e-01
4.997300000000000630e-01
4.993400000000000061e-01
4.989500000000000046e-01
4.985600000000000587e-01
4.981700000000000017e-01
4.977800000000000558e-01
4.973899999999999988e-01
4.970100000000000628e-01
4.966200000000000059e-01
4.962400000000000699e-01
4.958500000000000130e-01
4.954700000000000770e-01
4.950800000000000201e-01
4.946999999999999731e-01
4.943200000000000371e-01
4.939399999999999902e-01
4.935599999999999987e-01
4.931800000000000628e-01
4.928000000000000158e-01
4.924200000000000799e-01
4.920399999999999774e-01
4.916600000000000414e-01
4.912799999999999945e-01
4.909000000000000585e-01
4.905300000000000771e-01
4.901499999999999746e-01
4.897800000000000487e-01
4.894000000000000017e-01
4.890300000000000202e-01
4.886500000000000288e-01
4.882799999999999918e-01
4.879100000000000104e-01
4.875400000000000289e-01
4.871599999999999819e-01
4.867900000000000005e-01
4.864200000000000745e-01
4.860499999999999821e-01
4.856900000000000106e-01
4.853200000000000292e-01
4.849500000000000477e-01
4.845800000000000107e-01
4.842100000000000293e-01
4.838500000000000578e-01
4.834800000000000764e-01
4.831199999999999939e-01
4.827500000000000124e-01
4.823900000000000410e-01
4.820200000000000595e-01
4.816599999999999770e-01
4.813000000000000056e-01
4.809399999999999786e-01
4.805800000000000072e-01
4.802200000000000357e-01
4.798600000000000643e-01
4.794999999999999818e-01
4.791400000000000103e-01
4.787799999999999834e-01
4.784200000000000119e-01
4.780600000000000405e-01
4.777000000000000690e-01
4.773500000000000520e-01
4.769900000000000251e-01
4.766400000000000081e-01
4.762799999999999812e-01
4.759300000000000197e-01
4.755699999999999927e-01
4.752199999999999758e-01
4.748700000000000143e-01
4.745100000000000429e-01
4.741600000000000814e-01
4.738100000000000644e-01
4.734600000000000475e-01
4.731100000000000305e-01
4.727600000000000691e-01
4.724100000000000521e-01
4.720600000000000351e-01
4.717200000000000282e-01
4.713700000000000667e-01
4.710200000000000498e-01
4.706700000000000328e-01
4.703300000000000258e-01
4.699800000000000644e-01
4.696400000000000019e-01
4.692899999999999849e-01
4.689499999999999780e-01
4.686000000000000165e-01
4.682600000000000096e-01
4.679200000000000026e-01
4.675799999999999956e-01
4.672400000000000442e-01
4.668900000000000827e-01
4.665500000000000758e-01
4.662100000000000688e-01
4.658700000000000063e-01
4.655400000000000094e-01
4.652000000000000024e-01
4.648599999999999954e-01
4.645200000000000440e-01
4.641800000000000370e-01
4.638500000000000401e-01
4.635099999999999776e-01
4.631799999999999806e-01
4.628399999999999737e-01
4.625100000000000322e-01
4.621700000000000252e-01
4.618399999999999728e-01
4.615000000000000213e-01
4.611700000000000799e-01
4.608400000000000829e-01
4.605099999999999749e-01
4.601799999999999780e-01
4.598500000000000365e-01
4.595100000000000295e-01
4.591800000000000326e-01
4.588599999999999901e-01
4.585300000000000487e-01
4.582000000000000517e-01
4.578699999999999992e-01
4.575400000000000023e-01
4.572200000000000708e-01
4.568900000000000183e-01
4.565600000000000214e-01
4.562400000000000344e-01
4.559099999999999819e-01
4.555899999999999950e-01
4.552600000000000535e-01
4.549400000000000110e-01
4.546200000000000796e-01
4.542900000000000271e-01
4.539699999999999847e-01
4.536500000000000532e-01
4.533300000000000107e-01
4.530100000000000793e-01
4.526900000000000368e-01
4.523599999999999843e-01
4.520500000000000629e-01
4.517300000000000204e-01
4.514099999999999779e-01
4.510899999999999910e-01
4.507700000000000040e-01
4.504500000000000726e-01
4.501399999999999846e-01
4.498200000000000531e-01
4.495000000000000107e-01
4.491900000000000337e-01
4.488699999999999912e-01
4.485600000000000698e-01
4.482400000000000273e-01
4.479300000000000503e-01
4.476200000000000179e-01
4.473000000000000309e-01
4.469899999999999984e-01
4.466800000000000770e-01
4.463699999999999890e-01
4.460600000000000676e-01
4.457400000000000251e-01
4.454300000000000481e-01
4.451200000000000156e-01
4.448100000000000387e-01
4.445100000000000717e-01
4.441999999999999837e-01
4.438900000000000623e-01
4.435799999999999743e-01
4.432700000000000529e-01
4.429699999999999749e-01
4.426599999999999979e-01
4.423500000000000765e-01
4.420499999999999985e-01
4.417400000000000215e-01
4.414400000000000546e-01
4.411300000000000221e-01
4.408300000000000551e-01
4.405299999999999772e-01
4.402200000000000002e-01
4.399200000000000332e-01
4.396200000000000108e-01
4.393199999999999883e-01
4.390100000000000668e-01
4.387099999999999889e-01
4.384100000000000219e-01
4.381100000000000549e-01
4.378099999999999770e-01
4.375100000000000100e-01
4.372100000000000430e-01
4.369100000000000761e-01
4.366200000000000081e-01
4.363199999999999856e-01
4.360200000000000742e-01
4.357199999999999962e-01
4.354299999999999837e-01
4.351300000000000168e-01
4.348300000000000498e-01
4.345400000000000373e-01
4.342400000000000149e-01
4.339500000000000024e-01
4.336599999999999899e-01
4.333600000000000785e-01
4.330700000000000660e-01
4.327799999999999980e-01
4.324799999999999756e-01
4.321900000000000186e-01
4.319000000000000616e-01
4.316100000000000492e-01
4.313199999999999812e-01
4.310300000000000242e-01
4.307400000000000118e-01
4.304499999999999993e-01
4.301600000000000423e-01
4.298700000000000299e-01
4.295800000000000174e-01
4.292900000000000049e-01
4.289999999999999925e-01
4.287100000000000355e-01
4.284300000000000330e-01
4.281400000000000761e-01
4.278500000000000636e-01
4.275700000000000611e-01
4.272799999999999931e-01
4.269999999999999907e-01
4.267099999999999782e-01
4.264299999999999757e-01
4.261400000000000188e-01
4.258600000000000163e-01
4.255800000000000138e-01
4.252900000000000014e-01
4.250100000000000544e-01
4.247300000000000519e-01
4.244500000000000495e-01
4.241700000000000470e-01
4.238800000000000345e-01
4.236000000000000321e-01
4.233200000000000296e-01
4.230400000000000826e-01
4.227600000000000802e-01
4.224800000000000777e-01
4.222100000000000297e-01
4.219300000000000828e-01
4.216500000000000803e-01
4.213700000000000778e-01
4.210900000000000754e-01
4.208200000000000829e-01
4.205400000000000804e-01
4.202600000000000779e-01
4.199900000000000300e-01
4.197100000000000275e-01
4.194399999999999795e-01
4.191599999999999770e-01
4.188899999999999846e-01
4.186099999999999821e-01
4.183399999999999896e-01
4.180699999999999972e-01
4.177899999999999947e-01
4.175200000000000022e-01
4.172500000000000653e-01
4.169800000000000728e-01
4.167000000000000703e-01
4.164300000000000224e-01
4.161600000000000299e-01
4.158899999999999819e-01
4.156199999999999894e-01
4.153499999999999970e-01
4.150800000000000045e-01
4.148100000000000676e-01
4.145400000000000751e-01
4.142700000000000271e-01
4.140099999999999891e-01
4.137399999999999967e-01
4.134700000000000042e-01
4.132000000000000672e-01
4.129400000000000293e-01
4.126700000000000368e-01
4.123999999999999888e-01
4.121400000000000063e-01
4.118700000000000139e-01
4.116100000000000314e-01
4.113400000000000389e-01
4.110800000000000010e-01
4.108200000000000185e-01
4.105500000000000815e-01
4.102900000000000436e-01
4.100300000000000056e-01
4.097600000000000131e-01
4.094999999999999751e-01
4.092400000000000482e-01
4.089800000000000102e-01
4.087200000000000277e-01
4.084499999999999797e-01
4.081900000000000528e-01
4.079300000000000148e-01
4.076699999999999768e-01
4.074099999999999944e-01
4.071500000000000674e-01
4.068999999999999839e-01
4.066400000000000015e-01
4.063800000000000745e-01
4.061199999999999810e-01
4.058599999999999985e-01
4.056100000000000816e-01
4.053500000000000436e-01
4.050900000000000056e-01
4.048300000000000787e-01
4.045800000000000507e-01
4.043200000000000127e-01
4.040699999999999847e-01
4.038100000000000578e-01
4.035599999999999743e-01
4.032999999999999918e-01
4.030500000000000194e-01
4.027999999999999914e-01
4.025400000000000644e-01
4.022899999999999809e-01
4.020400000000000085e-01
4.017800000000000815e-01
4.015299999999999980e-01
4.012800000000000811e-01
4.010299999999999976e-01
4.007800000000000251e-01
4.005300000000000527e-01
4.002700000000000147e-01
4.000199999999999867e-01
