3.000000000000000076e-05 5.000000000000000240e-05
5.000000000000000240e-05 6.000000000000000152e-05
6.999999999999999387e-05 1.100000000000000039e-04
9.000000000000000567e-05 9.000000000000000567e-05
7.699999999999999597e-04 9.899999999999999946e-04
1.219999999999999947e-03 1.510000000000000057e-03
1.770000000000000089e-03 2.099999999999999870e-03
2.569999999999999802e-03 3.089999999999999865e-03
3.749999999999999861e-03 4.530000000000000172e-03
5.449999999999999983e-03 6.559999999999999859e-03
8.009999999999999759e-03 9.719999999999999474e-03
1.188999999999999953e-02 1.457999999999999921e-02
1.796000000000000027e-02 2.224999999999999895e-02
2.768999999999999934e-02 3.459999999999999881e-02
4.327000000000000290e-02 5.394999999999999796e-02
6.790000000000000202e-02 8.581999999999999351e-02
1.072800000000000004e-01 1.334299999999999931e-01
1.642899999999999916e-01 1.994499999999999884e-01
2.400100000000000011e-01 2.864999999999999769e-01
3.365600000000000258e-01 3.860999999999999988e-01
4.331800000000000095e-01 4.759399999999999742e-01
5.141400000000000414e-01 5.464799999999999658e-01
5.735299999999999843e-01 5.973399999999999821e-01
6.182699999999999863e-01 6.369599999999999707e-01
6.534400000000000208e-01 6.654700000000000060e-01
6.792399999999999549e-01 6.917400000000000215e-01
7.033500000000000307e-01 7.132600000000000051e-01
7.224300000000000166e-01 7.305099999999999927e-01
7.372999999999999554e-01 7.433800000000000407e-01
7.488799999999999901e-01 7.535100000000000131e-01
7.578099999999999836e-01 7.624300000000000521e-01
7.673299999999999566e-01 7.726499999999999480e-01
7.774400000000000199e-01 7.831900000000000528e-01
7.887199999999999767e-01 7.946499999999999675e-01
8.004999999999999893e-01 8.059399999999999897e-01
8.110399999999999832e-01 8.155099999999999572e-01
8.192199999999999482e-01 8.221699999999999564e-01
8.237900000000000222e-01 8.241899999999999782e-01
8.234399999999999498e-01 8.215599999999999570e-01
8.183700000000000419e-01 8.144700000000000273e-01
8.101399999999999713e-01 8.050000000000000488e-01
7.995799999999999574e-01 7.943900000000000405e-01
7.894799999999999596e-01 7.851399999999999491e-01
7.816600000000000215e-01 7.791000000000000147e-01
7.774799999999999489e-01 7.772999999999999909e-01
7.783400000000000318e-01 7.806100000000000261e-01
7.846400000000000041e-01 7.894600000000000506e-01
7.955499999999999794e-01 8.023599999999999621e-01
8.098600000000000243e-01 8.178900000000000059e-01
8.262199999999999545e-01 8.337599999999999456e-01
8.414000000000000368e-01 8.474500000000000366e-01
8.520799999999999486e-01 8.547700000000000298e-01
8.559999999999999831e-01 8.551600000000000312e-01
8.516399999999999526e-01 8.467099999999999627e-01
8.395299999999999985e-01 8.306999999999999940e-01
8.208900000000000086e-01 8.105200000000000182e-01
7.995100000000000540e-01 7.888600000000000056e-01
7.784100000000000463e-01 7.699599999999999778e-01
7.620700000000000252e-01 7.552999999999999714e-01
7.504699999999999704e-01 7.473199999999999843e-01
7.460499999999999909e-01 7.466800000000000104e-01
7.492999999999999661e-01 7.537500000000000311e-01
7.599700000000000344e-01 7.677500000000000435e-01
7.766499999999999515e-01 7.861399999999999499e-01
7.964400000000000368e-01 8.058899999999999952e-01
8.153399999999999537e-01 8.233599999999999808e-01
8.294899999999999496e-01 8.340800000000000436e-01
8.349199999999999955e-01 8.330199999999999827e-01
8.273700000000000498e-01 8.200100000000000167e-01
8.091099999999999959e-01 7.959199999999999608e-01
7.811099999999999710e-01 7.654900000000000038e-01
7.492100000000000426e-01 7.339099999999999513e-01
9.391899999999999693e-01 9.366200000000000081e-01
9.340000000000000524e-01 9.301399999999999668e-01
9.270899999999999697e-01 9.232599999999999696e-01
9.186999999999999611e-01 9.123700000000000143e-01
9.043999999999999817e-01 9.029599999999999849e-01
8.996800000000000352e-01 8.942799999999999638e-01
8.885499999999999510e-01 8.822100000000000497e-01
8.757000000000000339e-01 8.685000000000000497e-01
8.600900000000000212e-01 8.506099999999999772e-01
8.400400000000000089e-01 8.288600000000000412e-01
8.166799999999999615e-01 8.031199999999999450e-01
7.884299999999999642e-01 7.713499999999999801e-01
7.521499999999999853e-01 7.312800000000000411e-01
7.078699999999999992e-01 6.807100000000000373e-01
6.493600000000000483e-01 6.139400000000000412e-01
5.742199999999999527e-01 5.291599999999999637e-01
4.794399999999999773e-01 4.224300000000000277e-01
3.602199999999999847e-01 2.978100000000000191e-01
2.400599999999999956e-01 1.868700000000000083e-01
1.383500000000000008e-01 9.679000000000000103e-02
6.468999999999999750e-02 4.281999999999999695e-02
3.026999999999999830e-02 2.505999999999999894e-02
2.511000000000000038e-02 2.810999999999999957e-02
3.243000000000000049e-02 3.706000000000000266e-02
4.132999999999999868e-02 4.406000000000000194e-02
4.691000000000000031e-02 4.936999999999999722e-02
5.127999999999999919e-02 5.362999999999999712e-02
5.580000000000000238e-02 5.816000000000000336e-02
6.069999999999999701e-02 6.338000000000000578e-02
6.629000000000000170e-02 6.902999999999999414e-02
7.147000000000000575e-02 7.355000000000000426e-02
7.527999999999999969e-02 7.636999999999999345e-02
7.689999999999999614e-02 7.671999999999999653e-02
7.591000000000000525e-02 7.471999999999999476e-02
7.295999999999999708e-02 7.141000000000000125e-02
7.011000000000000565e-02 6.890000000000000291e-02
6.826999999999999735e-02 6.850000000000000533e-02
6.969999999999999807e-02 7.187000000000000333e-02
7.535000000000000031e-02 8.001999999999999391e-02
8.587999999999999801e-02 9.256000000000000338e-02
9.973999999999999533e-02 1.074699999999999961e-01
1.153900000000000065e-01 1.232899999999999968e-01
1.309700000000000031e-01 1.376900000000000068e-01
1.435099999999999987e-01 1.480499999999999872e-01
1.513799999999999868e-01 1.534800000000000053e-01
1.540600000000000025e-01 1.530400000000000094e-01
1.502799999999999969e-01 1.458899999999999919e-01
1.407599999999999962e-01 1.338799999999999990e-01
1.263299999999999979e-01 1.178300000000000042e-01
1.093999999999999972e-01 1.006100000000000050e-01
9.242999999999999827e-02 8.588999999999999413e-02
8.049000000000000599e-02 7.693999999999999451e-02
7.549999999999999767e-02 7.598000000000000587e-02
7.885000000000000342e-02 8.416999999999999482e-02
9.138000000000000289e-02 1.003700000000000009e-01
1.110300000000000037e-01 1.224900000000000017e-01
1.345699999999999952e-01 1.465599999999999958e-01
1.578900000000000026e-01 1.679299999999999959e-01
1.766800000000000037e-01 1.843299999999999939e-01
1.898600000000000010e-01 1.936900000000000011e-01
1.950900000000000134e-01 1.947500000000000064e-01
1.909700000000000009e-01 1.869800000000000073e-01
1.791099999999999914e-01 1.701799999999999979e-01
1.593600000000000017e-01 1.474999999999999922e-01
1.342599999999999905e-01 1.218299999999999939e-01
1.092499999999999999e-01 9.969000000000000083e-02
8.817999999999999450e-02 8.190999999999999670e-02
7.746000000000000107e-02 7.720000000000000473e-02
7.883999999999999342e-02 8.472999999999999976e-02
9.393999999999999573e-02 1.059599999999999986e-01
1.194500000000000006e-01 1.351199999999999901e-01
1.514199999999999990e-01 1.670899999999999885e-01
