9.382000000000000062e-02
9.997000000000000330e-02
1.063800000000000023e-01
1.128900000000000042e-01
1.191600000000000020e-01
1.248699999999999949e-01
1.296899999999999997e-01
1.333100000000000118e-01
1.352500000000000091e-01
1.350500000000000034e-01
1.320600000000000107e-01
1.261299999999999921e-01
1.181299999999999989e-01
1.102700000000000069e-01
1.052600000000000063e-01
1.048199999999999965e-01
1.085699999999999998e-01
1.147200000000000025e-01
1.212300000000000044e-01
1.274899999999999922e-01
1.344700000000000062e-01
1.431000000000000050e-01
1.529099999999999904e-01
1.637099999999999944e-01
1.745400000000000007e-01
1.839300000000000102e-01
1.921200000000000130e-01
1.990899999999999892e-01
2.081000000000000072e-01
2.160600000000000021e-01
2.234800000000000120e-01
2.302800000000000125e-01
2.362400000000000055e-01
2.416000000000000092e-01
2.464600000000000124e-01
2.509500000000000064e-01
2.549699999999999744e-01
2.586999999999999855e-01
2.620199999999999751e-01
2.651499999999999968e-01
2.680400000000000005e-01
2.707899999999999752e-01
2.734500000000000264e-01
2.759800000000000031e-01
2.783999999999999808e-01
2.807100000000000151e-01
2.828899999999999748e-01
2.848999999999999866e-01
2.865900000000000114e-01
2.879200000000000093e-01
2.888499999999999956e-01
2.893299999999999761e-01
2.891500000000000181e-01
2.883700000000000152e-01
2.869300000000000184e-01
2.847500000000000031e-01
2.819400000000000239e-01
2.784200000000000008e-01
2.742899999999999783e-01
2.696399999999999908e-01
2.646100000000000119e-01
2.591300000000000270e-01
2.533299999999999996e-01
2.470499999999999918e-01
2.403899999999999926e-01
2.332200000000000106e-01
2.256299999999999972e-01
2.180199999999999916e-01
2.107799999999999951e-01
2.048500000000000043e-01
2.020899999999999919e-01
2.073800000000000088e-01
2.297500000000000098e-01
2.835900000000000087e-01
3.925500000000000100e-01
5.275300000000000544e-01
6.666800000000000503e-01
7.537099999999999911e-01
7.871500000000000163e-01
7.997600000000000264e-01
8.087699999999999889e-01
8.166900000000000270e-01
8.217799999999999550e-01
8.247299999999999631e-01
8.282899999999999707e-01
8.309699999999999864e-01
8.333000000000000407e-01
8.351300000000000390e-01
8.371699999999999697e-01
8.388799999999999590e-01
8.404399999999999649e-01
8.418700000000000072e-01
8.434300000000000130e-01
8.447099999999999609e-01
8.459200000000000053e-01
8.474099999999999966e-01
8.488200000000000189e-01
8.503399999999999848e-01
8.522199999999999775e-01
8.540999999999999703e-01
8.561400000000000121e-01
8.581299999999999484e-01
8.600100000000000522e-01
8.617399999999999505e-01
8.634399999999999853e-01
8.651600000000000401e-01
8.670200000000000129e-01
8.689299999999999802e-01
8.708900000000000530e-01
8.727300000000000058e-01
8.743300000000000516e-01
8.757500000000000284e-01
8.768599999999999728e-01
8.776899999999999702e-01
8.783800000000000496e-01
8.788799999999999946e-01
8.791999999999999815e-01
8.793199999999999905e-01
8.794300000000000450e-01
8.794699999999999740e-01
8.792900000000000160e-01
8.791200000000000125e-01
8.789000000000000146e-01
8.786399999999999766e-01
8.783600000000000296e-01
8.781799999999999606e-01
8.780000000000000027e-01
8.780499999999999972e-01
8.784399999999999986e-01
8.793100000000000360e-01
8.805899999999999839e-01
8.820999999999999952e-01
8.836899999999999755e-01
8.853900000000000103e-01
8.869700000000000362e-01
8.881200000000000205e-01
8.888500000000000290e-01
8.893799999999999484e-01
8.897399999999999753e-01
8.899399999999999533e-01
8.901099999999999568e-01
8.903299999999999548e-01
8.908500000000000307e-01
8.918300000000000116e-01
8.931599999999999540e-01
8.944299999999999473e-01
8.956499999999999462e-01
8.968699999999999450e-01
8.980799999999999894e-01
8.992799999999999683e-01
9.003299999999999637e-01
9.012000000000000011e-01
9.019700000000000495e-01
9.025900000000000034e-01
9.030599999999999739e-01
9.034999999999999698e-01
9.038599999999999968e-01
9.042000000000000037e-01
9.045299999999999452e-01
9.047899999999999832e-01
9.051299999999999901e-01
9.053400000000000336e-01
9.056199999999999806e-01
9.058899999999999730e-01
9.061500000000000110e-01
9.064400000000000235e-01
9.066699999999999759e-01
9.069500000000000339e-01
9.072200000000000264e-01
9.074699999999999989e-01
9.076499999999999568e-01
9.079099999999999948e-01
9.081799999999999873e-01
9.082500000000000018e-01
9.084699999999999998e-01
9.087499999999999467e-01
9.088399999999999812e-01
9.091900000000000537e-01
9.092400000000000482e-01
9.094600000000000461e-01
9.096199999999999841e-01
9.097499999999999476e-01
9.097899999999999876e-01
9.101299999999999946e-01
9.101799999999999891e-01
9.103799999999999670e-01
9.103299999999999725e-01
9.106499999999999595e-01
9.107499999999999485e-01
9.110700000000000465e-01
9.111900000000000555e-01
9.112299999999999844e-01
9.114700000000000024e-01
9.115999999999999659e-01
9.117899999999999894e-01
9.119000000000000439e-01
9.120700000000000474e-01
9.122099999999999653e-01
9.123599999999999488e-01
9.125299999999999523e-01
9.125900000000000123e-01
9.127999999999999448e-01
9.128500000000000503e-01
9.130399999999999627e-01
9.131299999999999972e-01
9.132599999999999607e-01
9.133799999999999697e-01
9.134700000000000042e-01
9.135100000000000442e-01
9.136600000000000277e-01
9.136999999999999567e-01
9.138199999999999656e-01
9.139399999999999746e-01
9.139800000000000146e-01
9.140399999999999636e-01
9.142500000000000071e-01
9.143299999999999761e-01
9.144099999999999451e-01
9.144400000000000306e-01
9.145999999999999686e-01
9.146999999999999575e-01
9.148100000000000120e-01
9.149100000000000010e-01
9.149800000000000155e-01
9.150599999999999845e-01
9.151399999999999535e-01
9.152000000000000135e-01
9.152299999999999880e-01
9.152299999999999880e-01
9.153499999999999970e-01
9.154299999999999660e-01
9.154700000000000060e-01
9.155600000000000405e-01
9.156199999999999894e-01
9.157199999999999784e-01
9.157399999999999984e-01
9.158600000000000074e-01
9.157999999999999474e-01
9.158899999999999819e-01
9.159399999999999764e-01
9.159300000000000219e-01
9.159899999999999709e-01
9.159800000000000164e-01
9.159699999999999509e-01
9.160800000000000054e-01
9.161200000000000454e-01
9.160800000000000054e-01
9.161200000000000454e-01
9.161700000000000399e-01
9.161799999999999944e-01
9.162000000000000144e-01
9.162799999999999834e-01
9.162799999999999834e-01
9.163200000000000234e-01
9.162900000000000489e-01
9.162799999999999834e-01
9.162299999999999889e-01
9.163000000000000034e-01
9.162900000000000489e-01
9.163400000000000434e-01
9.163299999999999779e-01
9.163499999999999979e-01
9.162900000000000489e-01
9.162700000000000289e-01
9.162799999999999834e-01
9.162700000000000289e-01
9.162599999999999634e-01
9.162299999999999889e-01
9.162200000000000344e-01
9.161799999999999944e-01
9.162000000000000144e-01
9.161599999999999744e-01
9.161000000000000254e-01
9.160399999999999654e-01
9.159899999999999709e-01
9.159000000000000474e-01
9.158199999999999674e-01
9.157100000000000239e-01
9.156300000000000550e-01
9.156100000000000350e-01
9.154999999999999805e-01
9.153400000000000425e-01
9.152400000000000535e-01
9.150899999999999590e-01
9.149199999999999555e-01
9.146999999999999575e-01
9.144700000000000051e-01
9.141700000000000381e-01
9.137699999999999712e-01
9.133599999999999497e-01
9.129399999999999737e-01
9.123900000000000343e-01
9.119300000000000184e-01
9.115499999999999714e-01
9.112099999999999644e-01
9.111099999999999755e-01
9.112200000000000299e-01
9.118199999999999639e-01
9.124400000000000288e-01
9.130700000000000482e-01
9.138800000000000257e-01
9.147199999999999775e-01
9.153200000000000225e-01
9.156199999999999894e-01
9.159000000000000474e-01
9.161899999999999489e-01
9.163400000000000434e-01
9.161200000000000454e-01
9.160800000000000054e-01
9.160800000000000054e-01
9.159899999999999709e-01
9.161399999999999544e-01
9.162000000000000144e-01
9.163099999999999579e-01
9.163400000000000434e-01
9.162500000000000089e-01
9.162200000000000344e-01
9.161700000000000399e-01
9.161599999999999744e-01
9.161399999999999544e-01
9.161500000000000199e-01
9.161500000000000199e-01
9.161700000000000399e-01
9.161500000000000199e-01
9.161200000000000454e-01
9.161200000000000454e-01
9.160599999999999854e-01
9.161000000000000254e-01
9.161299999999999999e-01
9.160800000000000054e-01
9.160500000000000309e-01
9.160300000000000109e-01
9.160599999999999854e-01
9.160099999999999909e-01
9.160300000000000109e-01
9.160700000000000509e-01
9.161599999999999744e-01
9.161099999999999799e-01
9.159800000000000164e-01
9.159199999999999564e-01
9.159599999999999964e-01
9.159300000000000219e-01
9.158699999999999619e-01
9.158399999999999874e-01
9.158500000000000529e-01
9.158199999999999674e-01
9.157600000000000184e-01
9.157199999999999784e-01
9.156800000000000495e-01
9.156400000000000095e-01
9.156199999999999894e-01
9.155799999999999494e-01
9.155100000000000460e-01
9.154600000000000515e-01
9.154099999999999460e-01
9.154200000000000115e-01
9.155100000000000460e-01
9.155400000000000205e-01
9.154900000000000260e-01
9.154400000000000315e-01
9.154099999999999460e-01
9.153999999999999915e-01
9.153999999999999915e-01
9.154099999999999460e-01
9.154499999999999860e-01
9.154600000000000515e-01
9.153900000000000370e-01
9.153299999999999770e-01
9.153099999999999570e-01
9.152900000000000480e-01
9.152599999999999625e-01
9.152599999999999625e-01
9.153099999999999570e-01
9.153599999999999515e-01
9.153700000000000170e-01
9.153400000000000425e-01
9.152700000000000280e-01
9.152099999999999680e-01
9.152200000000000335e-01
9.152400000000000535e-01
9.152099999999999680e-01
9.151799999999999935e-01
9.151599999999999735e-01
9.151399999999999535e-01
9.150899999999999590e-01
9.150300000000000100e-01
9.150000000000000355e-01
9.149899999999999700e-01
9.150199999999999445e-01
9.150500000000000300e-01
9.150500000000000300e-01
9.150300000000000100e-01
9.149800000000000155e-01
9.149100000000000010e-01
9.147999999999999465e-01
9.146900000000000031e-01
9.147399999999999975e-01
9.148699999999999610e-01
9.148600000000000065e-01
9.147699999999999720e-01
9.147399999999999975e-01
9.147399999999999975e-01
9.146800000000000486e-01
9.145900000000000141e-01
9.146300000000000541e-01
9.147800000000000376e-01
9.147600000000000176e-01
9.145900000000000141e-01
9.145100000000000451e-01
9.144999999999999796e-01
9.144900000000000251e-01
9.144700000000000051e-01
9.144499999999999851e-01
9.144299999999999651e-01
9.143999999999999906e-01
9.143799999999999706e-01
9.143700000000000161e-01
9.143900000000000361e-01
9.144099999999999451e-01
9.144299999999999651e-01
9.144299999999999651e-01
9.144099999999999451e-01
9.143599999999999506e-01
9.142500000000000071e-01
9.141899999999999471e-01
9.141799999999999926e-01
9.142200000000000326e-01
9.143400000000000416e-01
9.143799999999999706e-01
9.142200000000000326e-01
9.140800000000000036e-01
9.140599999999999836e-01
9.140700000000000491e-01
9.140899999999999581e-01
9.141000000000000236e-01
9.140800000000000036e-01
9.140599999999999836e-01
9.140399999999999636e-01
9.140300000000000091e-01
9.140300000000000091e-01
9.140399999999999636e-01
9.140399999999999636e-01
9.140200000000000546e-01
9.139800000000000146e-01
9.139500000000000401e-01
9.139699999999999491e-01
9.140000000000000346e-01
9.140000000000000346e-01
9.140000000000000346e-01
9.140000000000000346e-01
9.139899999999999691e-01
9.139399999999999746e-01
9.138899999999999801e-01
9.139000000000000457e-01
9.139300000000000201e-01
9.139399999999999746e-01
9.139199999999999546e-01
9.138899999999999801e-01
9.138500000000000512e-01
9.138100000000000112e-01
9.137600000000000167e-01
9.137399999999999967e-01
9.137399999999999967e-01
9.137499999999999512e-01
9.137699999999999712e-01
9.137100000000000222e-01
9.135999999999999677e-01
9.135699999999999932e-01
9.136199999999999877e-01
9.136400000000000077e-01
9.136199999999999877e-01
9.135900000000000132e-01
9.135499999999999732e-01
9.135199999999999987e-01
9.135100000000000442e-01
9.134999999999999787e-01
9.135199999999999987e-01
9.134700000000000042e-01
9.133400000000000407e-01
9.132900000000000462e-01
9.133499999999999952e-01
9.133900000000000352e-01
9.134100000000000552e-01
9.133599999999999497e-01
9.132599999999999607e-01
9.129800000000000137e-01
9.123999999999999888e-01
9.119599999999999929e-01
9.118100000000000094e-01
9.118000000000000549e-01
9.119399999999999729e-01
9.120700000000000474e-01
9.120899999999999563e-01
9.121200000000000419e-01
9.122200000000000308e-01
9.122999999999999998e-01
9.122700000000000253e-01
9.122500000000000053e-01
9.122999999999999998e-01
9.123799999999999688e-01
9.125100000000000433e-01
9.125799999999999468e-01
9.124499999999999833e-01
9.122799999999999798e-01
9.121899999999999453e-01
9.121700000000000363e-01
9.122900000000000453e-01
9.124499999999999833e-01
9.125400000000000178e-01
9.125799999999999468e-01
9.125699999999999923e-01
9.125299999999999523e-01
9.124999999999999778e-01
9.124700000000000033e-01
9.124299999999999633e-01
9.123900000000000343e-01
9.124200000000000088e-01
9.124900000000000233e-01
9.124900000000000233e-01
9.124499999999999833e-01
9.124900000000000233e-01
9.125799999999999468e-01
9.125199999999999978e-01
9.123599999999999488e-01
9.122599999999999598e-01
9.122000000000000108e-01
9.122799999999999798e-01
9.124900000000000233e-01
9.125299999999999523e-01
9.124100000000000543e-01
9.123099999999999543e-01
9.122099999999999653e-01
9.122599999999999598e-01
9.124600000000000488e-01
9.125100000000000433e-01
9.123799999999999688e-01
9.123299999999999743e-01
9.123900000000000343e-01
9.123599999999999488e-01
9.122099999999999653e-01
9.121200000000000419e-01
9.121000000000000218e-01
9.120800000000000018e-01
9.120500000000000274e-01
9.120200000000000529e-01
9.119899999999999674e-01
9.119300000000000184e-01
9.118199999999999639e-01
9.117300000000000404e-01
9.116999999999999549e-01
9.116699999999999804e-01
9.116300000000000514e-01
9.115999999999999659e-01
9.116400000000000059e-01
9.116499999999999604e-01
9.115799999999999459e-01
9.114799999999999569e-01
9.113599999999999479e-01
9.112700000000000244e-01
9.112999999999999989e-01
9.113099999999999534e-01
9.112200000000000299e-01
9.111200000000000410e-01
9.111299999999999955e-01
9.111500000000000155e-01
9.110500000000000265e-01
9.109500000000000375e-01
9.110399999999999610e-01
9.111599999999999699e-01
9.111099999999999755e-01
9.110000000000000320e-01
9.108699999999999575e-01
9.107199999999999740e-01
9.105299999999999505e-01
9.103599999999999470e-01
9.103599999999999470e-01
9.104400000000000270e-01
9.103299999999999725e-01
9.101399999999999491e-01
9.101000000000000201e-01
9.101200000000000401e-01
9.100099999999999856e-01
9.098300000000000276e-01
9.096800000000000441e-01
9.095499999999999696e-01
9.095499999999999696e-01
9.096499999999999586e-01
9.096100000000000296e-01
9.094799999999999551e-01
9.094100000000000517e-01
9.093999999999999861e-01
9.093099999999999516e-01
9.091500000000000137e-01
9.090500000000000247e-01
9.090000000000000302e-01
9.089099999999999957e-01
9.087600000000000122e-01
9.086600000000000232e-01
9.086199999999999832e-01
9.085499999999999687e-01
9.084499999999999797e-01
9.084100000000000508e-01
9.084400000000000253e-01
9.084400000000000253e-01
9.083799999999999653e-01
9.083799999999999653e-01
9.084900000000000198e-01
9.084699999999999998e-01
9.082000000000000073e-01
9.080300000000000038e-01
9.081299999999999928e-01
9.081799999999999873e-01
9.080399999999999583e-01
9.079399999999999693e-01
9.080200000000000493e-01
9.080599999999999783e-01
9.078899999999999748e-01
9.077499999999999458e-01
9.078300000000000258e-01
9.079099999999999948e-01
9.078399999999999803e-01
9.077600000000000113e-01
9.077899999999999858e-01
9.078100000000000058e-01
9.076499999999999568e-01
9.074999999999999734e-01
9.075199999999999934e-01
9.075999999999999623e-01
9.075800000000000534e-01
9.075800000000000534e-01
9.076999999999999513e-01
9.078399999999999803e-01
9.077899999999999858e-01
9.076699999999999768e-01
9.075600000000000334e-01
9.074699999999999989e-01
9.074799999999999534e-01
9.075400000000000134e-01
9.074900000000000189e-01
9.073999999999999844e-01
9.073400000000000354e-01
9.073200000000000154e-01
9.073900000000000299e-01
9.075100000000000389e-01
9.074600000000000444e-01
9.073099999999999499e-01
9.073099999999999499e-01
9.074299999999999589e-01
9.074900000000000189e-01
9.075100000000000389e-01
9.074900000000000189e-01
9.074400000000000244e-01
9.074499999999999789e-01
9.075199999999999934e-01
9.075400000000000134e-01
9.075100000000000389e-01
9.074900000000000189e-01
9.074999999999999734e-01
9.074200000000000044e-01
9.072200000000000264e-01
9.071099999999999719e-01
9.070899999999999519e-01
9.071099999999999719e-01
9.071700000000000319e-01
9.072299999999999809e-01
9.073200000000000154e-01
9.073499999999999899e-01
9.072799999999999754e-01
9.072500000000000009e-01
9.073099999999999499e-01
9.074200000000000044e-01
9.076199999999999823e-01
9.077199999999999713e-01
9.075800000000000534e-01
9.074499999999999789e-01
9.074799999999999534e-01
9.074699999999999989e-01
9.072700000000000209e-01
9.071200000000000374e-01
9.071599999999999664e-01
9.072500000000000009e-01
9.073600000000000554e-01
9.074100000000000499e-01
9.072999999999999954e-01
9.071500000000000119e-01
9.070599999999999774e-01
9.070200000000000484e-01
9.071099999999999719e-01
9.072299999999999809e-01
9.072700000000000209e-01
9.072799999999999754e-01
9.072400000000000464e-01
9.071799999999999864e-01
9.071399999999999464e-01
9.071099999999999719e-01
9.070799999999999974e-01
9.070599999999999774e-01
9.070700000000000429e-01
9.070899999999999519e-01
9.071000000000000174e-01
9.070799999999999974e-01
9.069899999999999629e-01
9.068899999999999739e-01
9.069000000000000394e-01
9.069800000000000084e-01
9.070399999999999574e-01
9.070899999999999519e-01
9.071099999999999719e-01
9.071099999999999719e-01
9.070700000000000429e-01
9.069800000000000084e-01
9.069399999999999684e-01
9.069399999999999684e-01
9.069399999999999684e-01
9.069500000000000339e-01
9.069899999999999629e-01
9.070599999999999774e-01
9.069599999999999884e-01
9.066800000000000415e-01
9.066199999999999815e-01
9.068199999999999594e-01
9.068800000000000194e-01
9.067399999999999904e-01
9.066199999999999815e-01
9.065199999999999925e-01
9.065900000000000070e-01
9.069199999999999484e-01
9.070700000000000429e-01
9.069000000000000394e-01
9.067899999999999849e-01
9.068599999999999994e-01
9.068899999999999739e-01
9.068000000000000504e-01
9.066699999999999759e-01
9.064900000000000180e-01
9.064100000000000490e-01
9.065400000000000125e-01
9.066699999999999759e-01
9.066899999999999959e-01
9.066699999999999759e-01
9.066499999999999559e-01
9.065900000000000070e-01
9.064499999999999780e-01
9.063299999999999690e-01
9.063700000000000090e-01
9.064200000000000035e-01
9.063200000000000145e-01
9.061900000000000510e-01
9.061099999999999710e-01
9.060799999999999965e-01
9.061299999999999910e-01
9.062000000000000055e-01
9.061500000000000110e-01
9.060799999999999965e-01
9.060799999999999965e-01
9.061099999999999710e-01
9.060899999999999510e-01
9.060399999999999565e-01
9.059800000000000075e-01
9.059300000000000130e-01
9.060099999999999820e-01
9.061299999999999910e-01
9.060399999999999565e-01
9.058199999999999585e-01
9.057399999999999896e-01
9.057399999999999896e-01
9.057399999999999896e-01
9.057300000000000351e-01
9.057100000000000151e-01
9.056800000000000406e-01
9.056800000000000406e-01
9.056999999999999496e-01
9.057100000000000151e-01
9.056999999999999496e-01
9.056300000000000461e-01
9.054799999999999516e-01
9.054200000000000026e-01
9.054400000000000226e-01
9.054200000000000026e-01
9.053799999999999626e-01
9.053700000000000081e-01
9.053999999999999826e-01
9.054699999999999971e-01
9.055999999999999606e-01
9.056199999999999806e-01
9.054999999999999716e-01
9.053499999999999881e-01
9.051900000000000501e-01
9.050899999999999501e-01
9.051200000000000356e-01
9.051399999999999446e-01
9.051200000000000356e-01
9.051099999999999701e-01
9.051200000000000356e-01
9.051500000000000101e-01
9.051799999999999846e-01
9.051700000000000301e-01
9.050500000000000211e-01
9.049599999999999866e-01
9.049800000000000066e-01
9.050099999999999811e-01
9.050000000000000266e-01
9.049700000000000522e-01
9.048800000000000177e-01
9.048100000000000032e-01
9.048100000000000032e-01
9.047899999999999832e-01
9.046399999999999997e-01
9.044999999999999707e-01
9.045299999999999452e-01
9.045900000000000052e-01
9.045299999999999452e-01
9.044600000000000417e-01
9.045299999999999452e-01
9.046199999999999797e-01
9.045900000000000052e-01
9.044999999999999707e-01
9.044299999999999562e-01
9.043799999999999617e-01
9.043700000000000072e-01
9.043799999999999617e-01
9.043600000000000527e-01
9.043299999999999672e-01
9.042799999999999727e-01
9.042299999999999782e-01
9.043299999999999672e-01
9.044999999999999707e-01
9.043799999999999617e-01
9.041000000000000147e-01
9.040899999999999492e-01
9.042799999999999727e-01
9.042999999999999927e-01
9.042099999999999582e-01
9.041500000000000092e-01
9.041200000000000347e-01
9.040500000000000203e-01
9.039500000000000313e-01
9.039099999999999913e-01
9.039300000000000113e-01
9.039199999999999458e-01
9.038800000000000168e-01
9.038500000000000423e-01
9.038399999999999768e-01
9.038500000000000423e-01
9.039099999999999913e-01
9.039199999999999458e-01
9.038699999999999513e-01
9.037800000000000278e-01
9.035900000000000043e-01
9.035800000000000498e-01
9.038800000000000168e-01
9.040000000000000258e-01
9.037600000000000078e-01
9.035699999999999843e-01
9.035400000000000098e-01
9.035300000000000553e-01
9.034699999999999953e-01
9.034699999999999953e-01
9.036100000000000243e-01
9.037100000000000133e-01
9.036199999999999788e-01
9.035400000000000098e-01
9.035699999999999843e-01
9.035900000000000043e-01
9.035100000000000353e-01
9.034299999999999553e-01
9.034499999999999753e-01
9.034799999999999498e-01
9.034999999999999698e-01
9.034799999999999498e-01
9.033600000000000518e-01
9.032700000000000173e-01
9.033799999999999608e-01
9.035300000000000553e-01
9.034999999999999698e-01
9.034100000000000463e-01
9.033200000000000118e-01
9.032499999999999973e-01
9.032499999999999973e-01
9.032799999999999718e-01
9.032400000000000428e-01
9.031599999999999628e-01
9.031299999999999883e-01
9.031200000000000339e-01
9.031299999999999883e-01
9.031599999999999628e-01
9.031099999999999683e-01
9.030200000000000449e-01
9.030000000000000249e-01
9.030299999999999994e-01
9.030200000000000449e-01
9.029800000000000049e-01
9.028899999999999704e-01
9.027600000000000069e-01
9.027300000000000324e-01
9.027899999999999814e-01
9.027899999999999814e-01
9.027300000000000324e-01
9.027100000000000124e-01
9.027300000000000324e-01
9.027399999999999869e-01
9.027399999999999869e-01
9.026899999999999924e-01
9.025999999999999579e-01
9.025400000000000089e-01
9.025100000000000344e-01
9.025400000000000089e-01
9.026300000000000434e-01
9.026600000000000179e-01
9.026100000000000234e-01
9.025800000000000489e-01
9.025900000000000034e-01
9.025600000000000289e-01
9.024499999999999744e-01
9.023799999999999599e-01
9.024499999999999744e-01
9.024900000000000144e-01
9.024299999999999544e-01
9.023900000000000254e-01
9.024199999999999999e-01
9.024100000000000454e-01
9.022499999999999964e-01
9.021299999999999875e-01
9.021900000000000475e-01
9.022799999999999709e-01
9.022999999999999909e-01
9.022799999999999709e-01
9.021599999999999620e-01
9.020599999999999730e-01
9.021099999999999675e-01
9.022000000000000020e-01
9.022299999999999764e-01
9.022499999999999964e-01
9.022499999999999964e-01
9.022099999999999564e-01
9.020700000000000385e-01
9.019200000000000550e-01
9.019099999999999895e-01
9.019500000000000295e-01
9.018800000000000150e-01
9.017899999999999805e-01
9.018399999999999750e-01
9.019399999999999640e-01
9.020099999999999785e-01
9.020399999999999530e-01
9.019700000000000495e-01
9.018300000000000205e-01
9.018000000000000460e-01
9.018399999999999750e-01
9.018399999999999750e-01
9.018300000000000205e-01
9.018100000000000005e-01
9.017699999999999605e-01
9.017199999999999660e-01
9.016399999999999970e-01
9.015900000000000025e-01
9.015499999999999625e-01
9.015400000000000080e-01
9.015800000000000480e-01
9.016399999999999970e-01
9.017399999999999860e-01
9.017300000000000315e-01
9.016199999999999770e-01
9.015199999999999880e-01
9.014299999999999535e-01
9.014199999999999990e-01
9.014900000000000135e-01
9.015400000000000080e-01
9.015600000000000280e-01
9.015199999999999880e-01
9.013900000000000245e-01
9.012900000000000356e-01
9.012299999999999756e-01
9.012299999999999756e-01
9.013099999999999445e-01
9.013600000000000501e-01
9.013200000000000101e-01
9.012700000000000156e-01
9.012400000000000411e-01
9.011799999999999811e-01
9.010399999999999521e-01
9.009500000000000286e-01
9.009899999999999576e-01
9.010500000000000176e-01
9.011200000000000321e-01
9.011400000000000521e-01
9.010700000000000376e-01
9.009700000000000486e-01
9.008399999999999741e-01
9.007199999999999651e-01
9.006100000000000216e-01
9.005699999999999816e-01
9.007600000000000051e-01
9.009700000000000486e-01
9.009200000000000541e-01
9.008099999999999996e-01
9.007899999999999796e-01
9.008000000000000451e-01
9.008199999999999541e-01
9.008199999999999541e-01
9.006899999999999906e-01
9.005100000000000326e-01
9.004600000000000382e-01
9.004999999999999671e-01
9.005800000000000471e-01
9.006699999999999706e-01
9.005699999999999816e-01
9.003600000000000492e-01
9.003299999999999637e-01
9.003999999999999782e-01
9.004199999999999982e-01
9.003999999999999782e-01
9.003400000000000292e-01
9.002400000000000402e-01
9.001599999999999602e-01
9.001000000000000112e-01
9.000399999999999512e-01
9.000099999999999767e-01
9.000399999999999512e-01
9.001400000000000512e-01
9.001599999999999602e-01
9.001000000000000112e-01
9.001000000000000112e-01
9.001599999999999602e-01
9.001599999999999602e-01
9.000899999999999457e-01
9.000000000000000222e-01
8.998699999999999477e-01
8.998199999999999532e-01
8.998599999999999932e-01
8.998699999999999477e-01
8.998300000000000187e-01
8.997699999999999587e-01
8.996600000000000152e-01
8.995499999999999607e-01
8.994499999999999718e-01
8.994400000000000173e-01
8.996399999999999952e-01
8.997100000000000097e-01
8.994400000000000173e-01
8.992900000000000338e-01
8.995100000000000318e-01
8.997300000000000297e-01
8.997300000000000297e-01
8.997000000000000552e-01
8.996800000000000352e-01
8.996399999999999952e-01
8.995600000000000263e-01
8.994600000000000373e-01
8.993499999999999828e-01
8.992599999999999483e-01
8.992200000000000193e-01
8.992099999999999538e-01
8.991700000000000248e-01
8.991500000000000048e-01
8.991999999999999993e-01
8.992400000000000393e-01
8.991599999999999593e-01
8.990500000000000158e-01
8.990200000000000413e-01
8.990200000000000413e-01
8.990099999999999758e-01
8.990200000000000413e-01
8.990299999999999958e-01
8.990500000000000158e-01
8.990500000000000158e-01
8.990299999999999958e-01
8.990099999999999758e-01
8.989899999999999558e-01
8.990299999999999958e-01
8.990899999999999448e-01
8.989399999999999613e-01
8.986600000000000144e-01
8.986899999999999888e-01
8.989099999999999868e-01
8.988800000000000123e-01
8.986699999999999688e-01
8.985899999999999999e-01
8.986100000000000199e-01
8.986399999999999944e-01
8.986800000000000344e-01
8.986300000000000399e-01
8.984799999999999454e-01
8.983999999999999764e-01
8.983799999999999564e-01
8.983299999999999619e-01
8.982499999999999929e-01
8.981900000000000439e-01
8.981599999999999584e-01
8.981900000000000439e-01
8.982799999999999674e-01
8.983200000000000074e-01
8.982700000000000129e-01
8.981799999999999784e-01
8.980200000000000404e-01
8.979399999999999604e-01
8.980500000000000149e-01
8.980399999999999494e-01
8.977500000000000480e-01
8.975899999999999990e-01
8.977600000000000025e-01
8.979000000000000314e-01
8.978500000000000369e-01
8.977600000000000025e-01
8.976199999999999735e-01
8.975400000000000045e-01
8.976100000000000190e-01
8.977300000000000280e-01
8.978699999999999459e-01
8.979300000000000059e-01
8.977100000000000080e-01
8.974800000000000555e-01
8.974800000000000555e-01
8.975600000000000245e-01
8.976100000000000190e-01
8.976300000000000390e-01
8.975199999999999845e-01
8.973999999999999755e-01
8.974499999999999700e-01
8.975100000000000300e-01
8.973600000000000465e-01
8.971400000000000485e-01
8.970900000000000540e-01
8.971200000000000285e-01
8.971299999999999830e-01
8.971099999999999630e-01
8.969799999999999995e-01
8.968099999999999961e-01
8.968000000000000416e-01
8.968800000000000106e-01
8.968899999999999650e-01
8.968699999999999450e-01
8.968699999999999450e-01
8.968899999999999650e-01
8.968899999999999650e-01
8.968800000000000106e-01
8.967800000000000216e-01
8.966100000000000181e-01
8.965300000000000491e-01
8.965100000000000291e-01
8.965199999999999836e-01
8.965499999999999581e-01
8.965400000000000036e-01
8.964900000000000091e-01
8.963999999999999746e-01
8.962599999999999456e-01
8.962200000000000166e-01
8.962900000000000311e-01
8.963900000000000201e-01
8.965400000000000036e-01
8.965999999999999526e-01
8.965600000000000236e-01
8.964499999999999691e-01
8.962200000000000166e-01
8.960599999999999676e-01
8.960299999999999931e-01
8.960399999999999476e-01
8.960799999999999876e-01
8.961200000000000276e-01
8.961400000000000476e-01
8.961400000000000476e-01
8.961099999999999621e-01
8.960700000000000331e-01
8.960500000000000131e-01
8.959799999999999986e-01
8.957800000000000207e-01
8.955999999999999517e-01
8.955199999999999827e-01
8.955300000000000482e-01
8.956899999999999862e-01
8.958399999999999697e-01
8.958800000000000097e-01
8.958399999999999697e-01
8.957399999999999807e-01
8.956199999999999717e-01
8.955100000000000282e-01
8.954400000000000137e-01
8.954499999999999682e-01
8.954900000000000082e-01
8.954900000000000082e-01
8.954699999999999882e-01
8.953900000000000192e-01
8.952700000000000102e-01
8.951599999999999557e-01
8.950599999999999667e-01
8.950900000000000523e-01
8.951799999999999757e-01
8.952599999999999447e-01
8.953200000000000047e-01
8.953100000000000502e-01
8.952400000000000357e-01
8.950799999999999867e-01
8.948899999999999633e-01
8.948099999999999943e-01
8.948300000000000143e-01
8.948399999999999688e-01
8.948700000000000543e-01
8.949000000000000288e-01
8.949200000000000488e-01
8.949300000000000033e-01
8.949200000000000488e-01
8.949000000000000288e-01
8.948599999999999888e-01
8.947800000000000198e-01
8.946800000000000308e-01
8.945499999999999563e-01
8.943799999999999528e-01
8.943100000000000493e-01
8.943600000000000438e-01
8.944199999999999928e-01
8.944699999999999873e-01
8.944900000000000073e-01
8.944999999999999618e-01
8.944299999999999473e-01
8.942600000000000549e-01
8.941599999999999548e-01
8.941700000000000204e-01
8.942200000000000149e-01
8.943299999999999583e-01
8.943400000000000238e-01
8.941799999999999748e-01
8.940399999999999459e-01
8.940099999999999714e-01
8.940000000000000169e-01
8.940099999999999714e-01
8.939899999999999514e-01
8.938399999999999679e-01
8.937100000000000044e-01
8.936800000000000299e-01
8.936699999999999644e-01
8.936899999999999844e-01
8.937000000000000499e-01
8.936699999999999644e-01
8.936199999999999699e-01
8.935499999999999554e-01
8.934699999999999864e-01
8.933999999999999719e-01
8.933600000000000430e-01
8.933900000000000174e-01
8.934400000000000119e-01
8.934499999999999664e-01
8.934499999999999664e-01
8.934299999999999464e-01
8.933799999999999519e-01
8.932999999999999829e-01
8.931999999999999940e-01
8.931200000000000250e-01
8.930500000000000105e-01
8.929799999999999960e-01
8.929099999999999815e-01
8.928399999999999670e-01
8.927599999999999980e-01
8.927399999999999780e-01
8.927699999999999525e-01
8.928000000000000380e-01
8.928399999999999670e-01
8.928500000000000325e-01
8.928099999999999925e-01
8.927599999999999980e-01
8.926899999999999835e-01
8.926100000000000145e-01
8.925199999999999800e-01
8.925199999999999800e-01
8.925800000000000400e-01
8.925699999999999745e-01
8.924800000000000511e-01
8.923200000000000021e-01
8.920700000000000296e-01
8.918500000000000316e-01
8.916800000000000281e-01
8.915499999999999536e-01
8.914600000000000302e-01
8.914199999999999902e-01
8.914499999999999647e-01
8.914600000000000302e-01
8.913999999999999702e-01
8.913400000000000212e-01
8.912700000000000067e-01
8.912299999999999667e-01
8.912499999999999867e-01
8.912200000000000122e-01
8.910799999999999832e-01
8.909099999999999797e-01
8.906800000000000272e-01
8.905800000000000383e-01
8.907899999999999707e-01
8.909700000000000397e-01
8.910200000000000342e-01
8.909099999999999797e-01
8.905399999999999983e-01
8.901900000000000368e-01
8.900900000000000478e-01
8.900799999999999823e-01
8.901299999999999768e-01
8.901999999999999913e-01
8.902600000000000513e-01
8.902900000000000258e-01
8.902400000000000313e-01
8.901299999999999768e-01
8.899500000000000188e-01
8.898000000000000353e-01
8.899099999999999788e-01
8.901200000000000223e-01
8.902499999999999858e-01
8.903100000000000458e-01
8.900900000000000478e-01
8.897599999999999953e-01
8.895699999999999719e-01
8.894699999999999829e-01
8.894300000000000539e-01
8.894499999999999629e-01
8.894199999999999884e-01
8.893699999999999939e-01
8.893100000000000449e-01
8.892200000000000104e-01
8.890900000000000469e-01
8.889299999999999979e-01
8.888800000000000034e-01
8.889200000000000434e-01
8.890000000000000124e-01
8.891200000000000214e-01
8.890400000000000524e-01
8.887800000000000145e-01
8.885499999999999510e-01
8.883600000000000385e-01
8.883600000000000385e-01
8.885300000000000420e-01
8.886300000000000310e-01
8.886600000000000055e-01
8.886199999999999655e-01
8.884999999999999565e-01
8.883499999999999730e-01
8.881400000000000405e-01
8.879500000000000171e-01
8.877500000000000391e-01
8.876300000000000301e-01
8.875899999999999901e-01
8.875999999999999446e-01
8.876500000000000501e-01
8.877300000000000191e-01
8.878700000000000481e-01
8.879399999999999515e-01
8.878800000000000026e-01
8.877599999999999936e-01
8.875600000000000156e-01
8.873699999999999921e-01
8.872100000000000541e-01
8.870799999999999796e-01
8.869700000000000362e-01
8.869000000000000217e-01
8.869200000000000417e-01
8.869299999999999962e-01
8.868300000000000072e-01
8.866600000000000037e-01
8.863499999999999712e-01
8.860599999999999588e-01
8.859599999999999698e-01
8.859500000000000153e-01
8.860200000000000298e-01
8.860799999999999788e-01
8.859500000000000153e-01
8.857500000000000373e-01
8.855399999999999938e-01
8.853699999999999903e-01
8.853400000000000158e-01
8.853600000000000358e-01
8.853400000000000158e-01
8.852999999999999758e-01
8.851700000000000124e-01
8.850099999999999634e-01
8.849099999999999744e-01
8.848399999999999599e-01
8.848200000000000509e-01
8.848099999999999854e-01
8.846500000000000474e-01
8.843699999999999894e-01
8.840500000000000025e-01
8.837000000000000410e-01
8.834999999999999520e-01
8.834300000000000486e-01
8.833900000000000086e-01
8.833600000000000341e-01
8.833100000000000396e-01
8.832200000000000051e-01
8.831400000000000361e-01
8.830500000000000016e-01
8.829799999999999871e-01
8.829099999999999726e-01
8.828200000000000491e-01
8.827199999999999491e-01
8.825899999999999856e-01
8.824400000000000022e-01
8.822799999999999532e-01
8.821099999999999497e-01
8.819299999999999917e-01
8.817399999999999682e-01
8.815399999999999903e-01
8.813400000000000123e-01
8.811400000000000343e-01
8.809399999999999453e-01
8.807500000000000329e-01
8.805699999999999639e-01
8.804100000000000259e-01
8.802600000000000424e-01
8.801200000000000134e-01
8.799799999999999844e-01
8.798599999999999755e-01
8.797500000000000320e-01
8.796800000000000175e-01
8.796899999999999720e-01
8.796899999999999720e-01
8.796500000000000430e-01
8.795600000000000085e-01
8.793800000000000505e-01
8.791600000000000525e-01
8.789200000000000346e-01
8.786500000000000421e-01
8.783199999999999896e-01
8.780099999999999572e-01
8.777700000000000502e-01
8.776000000000000467e-01
8.775399999999999867e-01
8.775100000000000122e-01
8.774300000000000432e-01
8.773100000000000342e-01
8.771600000000000508e-01
8.769700000000000273e-01
8.767700000000000493e-01
8.765399999999999858e-01
8.763100000000000334e-01
8.760400000000000409e-01
8.757300000000000084e-01
8.753800000000000470e-01
8.749799999999999800e-01
8.745600000000000041e-01
8.741799999999999571e-01
8.738299999999999956e-01
8.735000000000000542e-01
8.731900000000000217e-01
8.729099999999999637e-01
