5.342241792909464623e-06 5.595330031002383464e-01
6.659543370538626481e-06 5.958413846713235262e-01
6.065925191700726879e-06 6.278997211794135058e-01
9.160949388110631650e-06 6.562306890199642861e-01
1.011950623528382138e-05 6.813037866232745099e-01
1.015814618876476279e-05 7.035301891835095134e-01
8.768316919247212961e-06 7.232693891468693348e-01
6.378229992282330200e-06 7.408300398537759346e-01
2.542550014392275527e-05 7.564748378116544769e-01
2.591255164714137014e-05 7.704326793723091926e-01
2.619183862293810870e-05 7.828954006765308504e-01
2.688839344787997954e-05 7.940269165120444894e-01
2.750403191347932540e-05 8.039661861459896919e-01
2.837642210928025224e-05 8.128323448122660722e-01
2.997138891465221718e-05 8.207206881648954067e-01
3.212621989116723589e-05 8.277141509853367385e-01
3.471421477937102580e-05 8.338767141029961305e-01
3.798699057995107874e-05 8.392566965153300806e-01
4.222842303556309843e-05 8.438895195579646513e-01
4.774897059493000024e-05 8.477926195252524222e-01
5.501073314445024286e-05 8.509657369929826132e-01
6.470320591134040805e-05 8.533872767556281991e-01
7.788007035664606633e-05 8.550061824373480501e-01
9.621545850940194078e-05 8.557336856999073760e-01
1.225063946535061190e-04 8.554222356304393982e-01
1.616375130803685944e-04 8.538330831594429515e-01
2.227359472403661156e-04 8.505734922579130108e-01
3.241685117751477632e-04 8.449674286044047689e-01
5.068367144191239949e-04 8.357791475671563219e-01
8.756805493458658801e-04 8.204947518221094027e-01
1.780336834349252433e-03 7.931415053654803371e-01
4.827123407731596753e-03 7.358062390088587756e-01
2.565803893299485258e-02 5.710190829404170332e-01
2.163311790075545804e-01 4.159969692820831288e-01
3.513256863721621603e-01 4.336437116238237577e-01
4.535119059846777767e-01 3.737209063198336234e-01
5.490401238646152038e-01 2.958292647174717849e-01
6.348969811350446690e-01 2.204064239380749413e-01
7.059280498670881254e-01 1.579872992992654712e-01
7.592276257557906138e-01 1.130267563480190918e-01
7.956484171250655102e-01 8.486357710868906723e-02
8.186130084709433152e-01 7.000126547593883697e-02
8.323532256223187265e-01 6.403921566724039838e-02
8.401370311151803438e-01 6.300427272950211155e-02
8.453298674483752384e-01 6.394861229188644747e-02
8.495186340233721323e-01 6.499950525906846022e-02
8.536397149448258226e-01 6.514879577787087428e-02
8.584604347942517144e-01 6.406717413085996626e-02
8.638871365472691188e-01 6.178660022648149036e-02
8.687851957134059555e-01 5.810137838536012789e-02
8.758575476181046371e-01 5.412059007425223250e-02
8.824019532660898335e-01 4.998044918132340392e-02
8.883988570387064687e-01 4.605004935602663441e-02
8.935736678488156448e-01 4.270999184597998322e-02
8.977540492534652472e-01 4.021000971046068129e-02
9.005558921344066770e-01 3.873479220581212135e-02
9.022863913309573380e-01 3.838538716567862358e-02
9.029100034169637023e-01 3.910482509247423244e-02
9.019646280160467100e-01 4.075465434132134052e-02
9.003067176425731954e-01 4.319243237460333729e-02
8.977982583981157783e-01 4.619803069444861077e-02
8.954733692093983510e-01 4.958771339715670884e-02
8.930023828096127492e-01 5.313021110030524685e-02
8.906777198418828201e-01 5.662960062648434573e-02
8.882696991713175949e-01 5.986760702385832827e-02
8.866342556616674253e-01 6.278642696904830622e-02
8.848387530508726728e-01 6.522968677708562701e-02
8.841136212195506161e-01 6.720654125129459089e-02
8.833342241272229556e-01 6.862674348736605423e-02
8.831568663806522723e-01 6.970804618921951079e-02
8.830967634203599204e-01 7.055186066239874099e-02
8.833891364081577491e-01 7.095460635655716219e-02
8.838063195876855183e-01 7.104258290103127038e-02
8.845136791985247493e-01 7.100835955441121838e-02
8.849782254720486296e-01 7.094970080737383888e-02
8.850591691291684882e-01 7.094136978686160777e-02
8.853651783143443588e-01 7.106675899960514242e-02
8.852476787230865174e-01 7.140709358397290263e-02
8.849165245592173212e-01 7.198916679850123068e-02
8.843762117915729970e-01 7.282977833246430388e-02
8.836653922906482217e-01 7.393188073280249073e-02
8.824399895538547201e-01 7.525462207343013021e-02
8.812060943132831170e-01 7.677083153437724850e-02
8.799251646465872101e-01 7.842250193916681933e-02
8.783214753326142876e-01 8.010876667809740947e-02
8.770719071608060746e-01 8.179355135311182357e-02
8.756910206384150852e-01 8.335727207643711667e-02
8.744544147431839720e-01 8.473433081047071491e-02
8.735931326086512350e-01 8.586239467674662562e-02
8.730204417337129597e-01 8.666568617676291553e-02
8.727463451605814715e-01 8.711002029505994504e-02
8.729071081828815304e-01 8.718832107394985931e-02
8.733508667931877412e-01 8.687924614839828696e-02
8.740820418617549770e-01 8.618390224254199317e-02
8.749694863123310684e-01 8.512801261157001975e-02
8.765630882952499814e-01 8.379362605493514971e-02
8.782476610842214759e-01 8.221063018492257013e-02
8.798459953758831498e-01 8.045673573116682298e-02
8.815035618951786445e-01 7.862112235329511700e-02
8.830336977776431784e-01 7.681715821235238217e-02
8.849323655971940150e-01 7.515086123612041424e-02
8.862771096870074583e-01 7.371053488959405930e-02
8.873135909217413353e-01 7.263412528532321721e-02
8.879244693996276583e-01 7.197499802973618410e-02
8.877892761688209733e-01 7.179232926162748551e-02
8.876902516791954634e-01 7.210908912709766694e-02
8.868577694921366827e-01 7.296301261690922579e-02
8.857985161150914166e-01 7.434789710088990367e-02
8.837458660783681363e-01 7.624870263685451510e-02
8.812592616381982324e-01 7.864374923455134947e-02
8.782465332839750616e-01 8.143995747768684179e-02
8.753643436393004906e-01 8.459618279194536239e-02
8.719821558141265250e-01 8.797115790708441574e-02
8.683618262170766933e-01 9.146360858248216152e-02
8.648379373593109154e-01 9.495472991518560946e-02
8.618064739730684209e-01 9.836818033020350294e-02
8.585044185178865028e-01 1.015268555735236167e-01
8.556609760026054889e-01 1.043651198927293411e-01
8.531400848246789570e-01 1.067821534921191834e-01
8.512236884545708593e-01 1.087098268334100309e-01
8.497584942166414024e-01 1.100635817244119408e-01
8.487357931623852325e-01 1.108024443555490068e-01
8.484636076565246210e-01 1.109119457212793258e-01
8.486390908196510541e-01 1.103556054532771613e-01
8.496408713218739361e-01 1.091795779604194938e-01
8.509106301512349146e-01 1.073688156874282457e-01
8.530509749947743359e-01 1.050295781401961032e-01
8.548946845024819607e-01 1.021626583543767813e-01
8.577399785462629378e-01 9.896011320259877342e-02
8.602373923606023709e-01 9.543168673576729599e-02
8.634506811524682579e-01 9.178100037750712425e-02
8.667200319501546790e-01 8.808528553568670261e-02
8.699172296608480570e-01 8.448479474272972689e-02
8.726100250234779532e-01 8.111136366691429345e-02
8.749340491023792632e-01 7.808055906239759481e-02
8.764813516648441993e-01 7.552898765547676196e-02
8.774354815047193945e-01 7.359376613824092361e-02
8.776541730183301526e-01 7.234989682568221392e-02
8.766898227205336402e-01 7.186556884546693724e-02
8.757021632437665959e-01 7.214386236546957432e-02
8.729413261779586097e-01 7.318387285778321649e-02
8.702332923436584267e-01 7.496576925526640678e-02
8.658527481450423169e-01 7.740824456207984205e-02
8.614200868043263570e-01 8.044162789300923766e-02
