5.879999999999999810e-03 3.515000000000000069e-02
6.340000000000000149e-03 3.529999999999999805e-02
6.830000000000000134e-03 3.545999999999999847e-02
7.340000000000000170e-03 3.563000000000000195e-02
7.860000000000000667e-03 3.579999999999999849e-02
8.340000000000000191e-03 3.595999999999999891e-02
8.750000000000000833e-03 3.608999999999999708e-02
9.100000000000000450e-03 3.624000000000000138e-02
9.360000000000000264e-03 3.636999999999999955e-02
9.459999999999999659e-03 3.649000000000000160e-02
9.379999999999999449e-03 3.656000000000000222e-02
9.050000000000000752e-03 3.661999999999999977e-02
8.600000000000000006e-03 3.669000000000000039e-02
8.099999999999999561e-03 3.672000000000000264e-02
7.820000000000000562e-03 3.679000000000000326e-02
7.910000000000000364e-03 3.687000000000000000e-02
8.290000000000000493e-03 3.697999999999999898e-02
8.850000000000000228e-03 3.712000000000000022e-02
9.480000000000000579e-03 3.729999999999999982e-02
1.008000000000000042e-02 3.744000000000000106e-02
1.077999999999999965e-02 3.760000000000000148e-02
1.158999999999999961e-02 3.778999999999999720e-02
1.255999999999999998e-02 3.824000000000000316e-02
1.355999999999999914e-02 3.853000000000000175e-02
1.464999999999999983e-02 3.857000000000000012e-02
1.564000000000000112e-02 3.878999999999999809e-02
1.650000000000000078e-02 3.921000000000000180e-02
1.730999999999999900e-02 3.980000000000000204e-02
1.828000000000000111e-02 3.959000000000000019e-02
1.918999999999999873e-02 3.962999999999999856e-02
2.008000000000000063e-02 3.969999999999999918e-02
2.093000000000000069e-02 3.982000000000000123e-02
2.170000000000000054e-02 3.996000000000000246e-02
2.246000000000000080e-02 4.007999999999999757e-02
2.316999999999999962e-02 4.021999999999999881e-02
2.386999999999999886e-02 4.039000000000000229e-02
2.453999999999999931e-02 4.053999999999999965e-02
2.515999999999999834e-02 4.070000000000000007e-02
2.579000000000000042e-02 4.082999999999999824e-02
2.636000000000000149e-02 4.093000000000000110e-02
2.696000000000000132e-02 4.107999999999999846e-02
2.753999999999999851e-02 4.121999999999999970e-02
2.811999999999999916e-02 4.134999999999999787e-02
2.869999999999999982e-02 4.145000000000000073e-02
2.926000000000000129e-02 4.154000000000000054e-02
2.980999999999999969e-02 4.168000000000000177e-02
3.037000000000000116e-02 4.175000000000000239e-02
3.092999999999999916e-02 4.186000000000000137e-02
3.142999999999999960e-02 4.195999999999999730e-02
3.191000000000000086e-02 4.206000000000000016e-02
3.234999999999999681e-02 4.211999999999999772e-02
3.273999999999999827e-02 4.218000000000000221e-02
3.305999999999999911e-02 4.222000000000000058e-02
3.334000000000000158e-02 4.229000000000000120e-02
3.350999999999999812e-02 4.227999999999999814e-02
3.357999999999999874e-02 4.229999999999999732e-02
3.359999999999999792e-02 4.231000000000000039e-02
3.350999999999999812e-02 4.227999999999999814e-02
3.332999999999999852e-02 4.220000000000000140e-02
3.309999999999999748e-02 4.214999999999999997e-02
3.282000000000000195e-02 4.211000000000000160e-02
3.246000000000000274e-02 4.200999999999999873e-02
3.201999999999999985e-02 4.197000000000000036e-02
3.153999999999999859e-02 4.182999999999999913e-02
3.093999999999999875e-02 4.175000000000000239e-02
3.036000000000000157e-02 4.168000000000000177e-02
2.964999999999999927e-02 4.154000000000000054e-02
2.891000000000000167e-02 4.141999999999999849e-02
2.817000000000000060e-02 4.130999999999999950e-02
2.765000000000000097e-02 4.134000000000000175e-02
2.748000000000000095e-02 4.123000000000000276e-02
2.852000000000000021e-02 4.134000000000000175e-02
3.182999999999999718e-02 4.170000000000000095e-02
3.980999999999999817e-02 4.284000000000000308e-02
5.603000000000000341e-02 4.558999999999999858e-02
7.636999999999999345e-02 5.018000000000000238e-02
9.805999999999999439e-02 5.655000000000000304e-02
1.122800000000000048e-01 6.121999999999999664e-02
1.187600000000000044e-01 6.310000000000000331e-02
1.215200000000000030e-01 6.385000000000000397e-02
1.248800000000000049e-01 6.428999999999999992e-02
1.278100000000000069e-01 6.499000000000000610e-02
1.298799999999999955e-01 6.543999999999999817e-02
1.314099999999999990e-01 6.565000000000000002e-02
1.333100000000000118e-01 6.597000000000000086e-02
1.351300000000000001e-01 6.611000000000000210e-02
1.367700000000000027e-01 6.623999999999999333e-02
1.383800000000000030e-01 6.637999999999999456e-02
1.401000000000000023e-01 6.658999999999999642e-02
1.418000000000000094e-01 6.682000000000000439e-02
1.434799999999999964e-01 6.690999999999999726e-02
1.450299999999999923e-01 6.708000000000000074e-02
1.467299999999999993e-01 6.725000000000000422e-02
1.483599999999999919e-01 6.736000000000000321e-02
1.499500000000000000e-01 6.748999999999999444e-02
1.516399999999999970e-01 6.764000000000000568e-02
1.532900000000000096e-01 6.779000000000000303e-02
1.549800000000000066e-01 6.791999999999999427e-02
1.567600000000000104e-01 6.807000000000000550e-02
1.585399999999999865e-01 6.822999999999999898e-02
1.604200000000000070e-01 6.839000000000000634e-02
1.622399999999999953e-01 6.858999999999999819e-02
1.640900000000000136e-01 6.872000000000000330e-02
1.659400000000000042e-01 6.887999999999999678e-02
1.677800000000000125e-01 6.901999999999999802e-02
1.696400000000000130e-01 6.916999999999999538e-02
1.715399999999999980e-01 6.933999999999999886e-02
1.734799999999999953e-01 6.945999999999999397e-02
1.754300000000000026e-01 6.962000000000000133e-02
1.773800000000000099e-01 6.975000000000000644e-02
1.792999999999999872e-01 6.990999999999999992e-02
1.811699999999999977e-01 7.002999999999999503e-02
1.829900000000000138e-01 7.015000000000000402e-02
1.847699999999999898e-01 7.023999999999999688e-02
1.865300000000000014e-01 7.029000000000000525e-02
1.882399999999999907e-01 7.033000000000000362e-02
1.899299999999999877e-01 7.044000000000000261e-02
1.915999999999999925e-01 7.041000000000000036e-02
1.932599999999999874e-01 7.045999999999999486e-02
1.949400000000000022e-01 7.049999999999999323e-02
1.965399999999999925e-01 7.055000000000000160e-02
1.981999999999999873e-01 7.051999999999999935e-02
1.998099999999999876e-01 7.055000000000000160e-02
2.014499999999999902e-01 7.055999999999999772e-02
2.030599999999999905e-01 7.055000000000000160e-02
2.046999999999999931e-01 7.055000000000000160e-02
2.064000000000000001e-01 7.056999999999999384e-02
2.081300000000000094e-01 7.058999999999999997e-02
2.099399999999999877e-01 7.063999999999999446e-02
2.119099999999999873e-01 7.073000000000000120e-02
2.139800000000000035e-01 7.079000000000000570e-02
2.161200000000000065e-01 7.093000000000000693e-02
2.183299999999999963e-01 7.106999999999999429e-02
2.205499999999999960e-01 7.119000000000000328e-02
2.227500000000000036e-01 7.134000000000000064e-02
2.248600000000000043e-01 7.145999999999999575e-02
2.268999999999999906e-01 7.152000000000000024e-02
2.288699999999999901e-01 7.154000000000000636e-02
2.308199999999999974e-01 7.159999999999999698e-02
2.326999999999999902e-01 7.162999999999999923e-02
2.346499999999999975e-01 7.167999999999999372e-02
2.365700000000000025e-01 7.170999999999999597e-02
2.386000000000000065e-01 7.177000000000000046e-02
2.407799999999999940e-01 7.181999999999999496e-02
2.430499999999999883e-01 7.192999999999999394e-02
2.453599999999999948e-01 7.205999999999999905e-02
2.476500000000000090e-01 7.212999999999999967e-02
2.499399999999999955e-01 7.223999999999999866e-02
2.522599999999999842e-01 7.230999999999999928e-02
2.545499999999999985e-01 7.245000000000000051e-02
2.568599999999999772e-01 7.252000000000000113e-02
2.591200000000000170e-01 7.259999999999999787e-02
2.613400000000000167e-01 7.267999999999999461e-02
2.635600000000000165e-01 7.273000000000000298e-02
2.657300000000000217e-01 7.281999999999999584e-02
2.679000000000000270e-01 7.284000000000000197e-02
2.700799999999999867e-01 7.285999999999999421e-02
2.721899999999999875e-01 7.292999999999999483e-02
2.743800000000000128e-01 7.291999999999999871e-02
2.765299999999999980e-01 7.295999999999999708e-02
2.787399999999999878e-01 7.298999999999999932e-02
2.809300000000000130e-01 7.299999999999999545e-02
2.831299999999999928e-01 7.302999999999999770e-02
2.852899999999999880e-01 7.308000000000000607e-02
2.874700000000000033e-01 7.310999999999999444e-02
2.897000000000000131e-01 7.315000000000000668e-02
2.918700000000000183e-01 7.316999999999999893e-02
2.940800000000000081e-01 7.320999999999999730e-02
2.963399999999999923e-01 7.323999999999999955e-02
2.985400000000000276e-01 7.327999999999999792e-02
3.007699999999999818e-01 7.327000000000000179e-02
3.030399999999999761e-01 7.324999999999999567e-02
3.052900000000000058e-01 7.328999999999999404e-02
3.073299999999999921e-01 7.335999999999999466e-02
3.097799999999999998e-01 7.334000000000000241e-02
3.121200000000000085e-01 7.333000000000000629e-02
3.143000000000000238e-01 7.331000000000000016e-02
3.165999999999999925e-01 7.338000000000000078e-02
3.189500000000000113e-01 7.348000000000000365e-02
3.212599999999999900e-01 7.351000000000000589e-02
3.236200000000000188e-01 7.352000000000000202e-02
3.256600000000000050e-01 7.349999999999999589e-02
3.279799999999999938e-01 7.341999999999999915e-02
3.305299999999999905e-01 7.351000000000000589e-02
3.327300000000000257e-01 7.359000000000000263e-02
3.350799999999999890e-01 7.353999999999999426e-02
3.372299999999999742e-01 7.359000000000000263e-02
3.398300000000000209e-01 7.364999999999999325e-02
3.421000000000000152e-01 7.359999999999999876e-02
3.446500000000000119e-01 7.363000000000000100e-02
3.470699999999999896e-01 7.366999999999999937e-02
3.493499999999999939e-01 7.369000000000000550e-02
3.518800000000000261e-01 7.373999999999999999e-02
3.542899999999999938e-01 7.376000000000000612e-02
3.567500000000000115e-01 7.377999999999999836e-02
3.591799999999999993e-01 7.381000000000000061e-02
3.616500000000000270e-01 7.383000000000000673e-02
3.640800000000000147e-01 7.385999999999999510e-02
3.665300000000000225e-01 7.391000000000000347e-02
3.689899999999999847e-01 7.388000000000000123e-02
3.714799999999999769e-01 7.389999999999999347e-02
3.739500000000000046e-01 7.392999999999999572e-02
3.764100000000000223e-01 7.395000000000000184e-02
3.789199999999999791e-01 7.396999999999999409e-02
3.814199999999999813e-01 7.396999999999999409e-02
3.839099999999999735e-01 7.399000000000000021e-02
3.864000000000000212e-01 7.399999999999999634e-02
3.889299999999999979e-01 7.399999999999999634e-02
3.914500000000000202e-01 7.399999999999999634e-02
3.939900000000000069e-01 7.402000000000000246e-02
3.964500000000000246e-01 7.402999999999999858e-02
3.990099999999999758e-01 7.402999999999999858e-02
4.015699999999999825e-01 7.407999999999999308e-02
4.041299999999999892e-01 7.407999999999999308e-02
4.066400000000000015e-01 7.409999999999999920e-02
4.092399999999999927e-01 7.410999999999999532e-02
4.118700000000000139e-01 7.413000000000000145e-02
4.144399999999999751e-01 7.412000000000000532e-02
4.170800000000000063e-01 7.413999999999999757e-02
4.196400000000000130e-01 7.414999999999999369e-02
4.222899999999999987e-01 7.414999999999999369e-02
4.248700000000000254e-01 7.416000000000000369e-02
4.274999999999999911e-01 7.416000000000000369e-02
4.301099999999999923e-01 7.419000000000000594e-02
4.327599999999999780e-01 7.420000000000000207e-02
4.353600000000000247e-01 7.416999999999999982e-02
4.380000000000000004e-01 7.421999999999999431e-02
4.405999999999999917e-01 7.416999999999999982e-02
4.432099999999999929e-01 7.420999999999999819e-02
4.458900000000000086e-01 7.426000000000000656e-02
4.485500000000000043e-01 7.428999999999999493e-02
4.511899999999999800e-01 7.423000000000000431e-02
4.538800000000000057e-01 7.424999999999999656e-02
4.565199999999999814e-01 7.420000000000000207e-02
4.591600000000000126e-01 7.426000000000000656e-02
4.618099999999999983e-01 7.428999999999999493e-02
4.644800000000000040e-01 7.431000000000000105e-02
4.670900000000000052e-01 7.426000000000000656e-02
4.697799999999999754e-01 7.428999999999999493e-02
4.724400000000000266e-01 7.430000000000000493e-02
4.750900000000000123e-01 7.427999999999999881e-02
4.777799999999999825e-01 7.431000000000000105e-02
4.804399999999999782e-01 7.430000000000000493e-02
4.830900000000000194e-01 7.428999999999999493e-02
4.858100000000000196e-01 7.430000000000000493e-02
4.884800000000000253e-01 7.431000000000000105e-02
4.911300000000000110e-01 7.428999999999999493e-02
4.938400000000000012e-01 7.431000000000000105e-02
4.965499999999999914e-01 7.435999999999999555e-02
4.992199999999999971e-01 7.430000000000000493e-02
5.019000000000000128e-01 7.435999999999999555e-02
5.046000000000000485e-01 7.432999999999999330e-02
5.072699999999999987e-01 7.432999999999999330e-02
5.099700000000000344e-01 7.434000000000000330e-02
5.126500000000000501e-01 7.428999999999999493e-02
5.153400000000000203e-01 7.434999999999999942e-02
5.179700000000000415e-01 7.434000000000000330e-02
5.206399999999999917e-01 7.432999999999999330e-02
5.232799999999999674e-01 7.437000000000000555e-02
5.259500000000000286e-01 7.431999999999999718e-02
5.285800000000000498e-01 7.432999999999999330e-02
5.311799999999999855e-01 7.435999999999999555e-02
5.337699999999999667e-01 7.432999999999999330e-02
5.363999999999999879e-01 7.435999999999999555e-02
5.390500000000000291e-01 7.434000000000000330e-02
5.416299999999999448e-01 7.434999999999999942e-02
5.442399999999999460e-01 7.431000000000000105e-02
5.467999999999999527e-01 7.431000000000000105e-02
5.493799999999999795e-01 7.434999999999999942e-02
5.518899999999999917e-01 7.434999999999999942e-02
5.544799999999999729e-01 7.437000000000000555e-02
5.570000000000000506e-01 7.435999999999999555e-02
5.594900000000000428e-01 7.435999999999999555e-02
5.619600000000000151e-01 7.434000000000000330e-02
5.644500000000000073e-01 7.438999999999999779e-02
5.669199999999999795e-01 7.434999999999999942e-02
5.693899999999999517e-01 7.439999999999999392e-02
5.718400000000000150e-01 7.434999999999999942e-02
5.742399999999999727e-01 7.435999999999999555e-02
5.766900000000000359e-01 7.435999999999999555e-02
5.790300000000000447e-01 7.435999999999999555e-02
5.812899999999999734e-01 7.434000000000000330e-02
5.835900000000000531e-01 7.427000000000000268e-02
5.858200000000000074e-01 7.428999999999999493e-02
5.880199999999999871e-01 7.428999999999999493e-02
5.901600000000000179e-01 7.424999999999999656e-02
5.922800000000000287e-01 7.424000000000000044e-02
5.943800000000000194e-01 7.424999999999999656e-02
5.963500000000000467e-01 7.420999999999999819e-02
5.983000000000000540e-01 7.416000000000000369e-02
6.002999999999999448e-01 7.413999999999999757e-02
6.021800000000000486e-01 7.406999999999999695e-02
6.040799999999999503e-01 7.410999999999999532e-02
6.059400000000000341e-01 7.402999999999999858e-02
6.077700000000000324e-01 7.399999999999999634e-02
6.098200000000000287e-01 7.402999999999999858e-02
6.120700000000000029e-01 7.402000000000000246e-02
6.145899999999999697e-01 7.399999999999999634e-02
6.171600000000000419e-01 7.409000000000000308e-02
6.198099999999999721e-01 7.416000000000000369e-02
6.225399999999999823e-01 7.420000000000000207e-02
6.251299999999999635e-01 7.430000000000000493e-02
6.275300000000000322e-01 7.427999999999999881e-02
6.297000000000000375e-01 7.427999999999999881e-02
6.319599999999999662e-01 7.431999999999999718e-02
6.343100000000000405e-01 7.437000000000000555e-02
6.364600000000000257e-01 7.437000000000000555e-02
6.382799999999999585e-01 7.437000000000000555e-02
6.402999999999999803e-01 7.434999999999999942e-02
6.422700000000000076e-01 7.434999999999999942e-02
6.440900000000000514e-01 7.431999999999999718e-02
6.463499999999999801e-01 7.438999999999999779e-02
6.483200000000000074e-01 7.438999999999999779e-02
6.504900000000000126e-01 7.438999999999999779e-02
6.524799999999999489e-01 7.438999999999999779e-02
6.543299999999999672e-01 7.442000000000000004e-02
6.562799999999999745e-01 7.438999999999999779e-02
6.581500000000000128e-01 7.439999999999999392e-02
6.599699999999999456e-01 7.441000000000000392e-02
6.619199999999999529e-01 7.442999999999999616e-02
6.638699999999999601e-01 7.438000000000000167e-02
6.659000000000000474e-01 7.439999999999999392e-02
6.678899999999999837e-01 7.442000000000000004e-02
6.698800000000000310e-01 7.438000000000000167e-02
6.717800000000000438e-01 7.439999999999999392e-02
6.738399999999999945e-01 7.442000000000000004e-02
6.757199999999999873e-01 7.438999999999999779e-02
6.776900000000000146e-01 7.441000000000000392e-02
6.796499999999999764e-01 7.442999999999999616e-02
6.814700000000000202e-01 7.442000000000000004e-02
6.834000000000000075e-01 7.444000000000000616e-02
6.852700000000000458e-01 7.442000000000000004e-02
6.873099999999999765e-01 7.446999999999999453e-02
6.891199999999999548e-01 7.442000000000000004e-02
6.910899999999999821e-01 7.445000000000000229e-02
6.929600000000000204e-01 7.442999999999999616e-02
6.948999999999999622e-01 7.441000000000000392e-02
6.967799999999999550e-01 7.445999999999999841e-02
6.987100000000000533e-01 7.442999999999999616e-02
7.005700000000000260e-01 7.446999999999999453e-02
7.025200000000000333e-01 7.442999999999999616e-02
7.043800000000000061e-01 7.445999999999999841e-02
7.062399999999999789e-01 7.445999999999999841e-02
7.080600000000000227e-01 7.444000000000000616e-02
7.098700000000000010e-01 7.444000000000000616e-02
7.116099999999999648e-01 7.444000000000000616e-02
7.133300000000000196e-01 7.445999999999999841e-02
7.150400000000000089e-01 7.445000000000000229e-02
7.167400000000000437e-01 7.442999999999999616e-02
7.184599999999999875e-01 7.445000000000000229e-02
7.201899999999999968e-01 7.442999999999999616e-02
7.219200000000000061e-01 7.444000000000000616e-02
7.236500000000000155e-01 7.444000000000000616e-02
7.254000000000000448e-01 7.444000000000000616e-02
7.271499999999999631e-01 7.442000000000000004e-02
7.288900000000000379e-01 7.445999999999999841e-02
7.306300000000000017e-01 7.442999999999999616e-02
7.323499999999999455e-01 7.444000000000000616e-02
7.340299999999999603e-01 7.444000000000000616e-02
7.357099999999999751e-01 7.445000000000000229e-02
7.373899999999999899e-01 7.445999999999999841e-02
7.390600000000000502e-01 7.445000000000000229e-02
7.406899999999999595e-01 7.445000000000000229e-02
7.423499999999999543e-01 7.449999999999999678e-02
7.440499999999999892e-01 7.445000000000000229e-02
7.457300000000000040e-01 7.442000000000000004e-02
7.473499999999999588e-01 7.446999999999999453e-02
7.489400000000000501e-01 7.444000000000000616e-02
7.504999999999999449e-01 7.445000000000000229e-02
7.520700000000000163e-01 7.442999999999999616e-02
7.536899999999999711e-01 7.439999999999999392e-02
7.552999999999999714e-01 7.442999999999999616e-02
7.568599999999999772e-01 7.442999999999999616e-02
7.583999999999999631e-01 7.439999999999999392e-02
7.599700000000000344e-01 7.441000000000000392e-02
7.614999999999999547e-01 7.438999999999999779e-02
7.629700000000000371e-01 7.442000000000000004e-02
7.644199999999999884e-01 7.442000000000000004e-02
7.659000000000000252e-01 7.441000000000000392e-02
7.673699999999999966e-01 7.441000000000000392e-02
7.687699999999999534e-01 7.438999999999999779e-02
7.701799999999999757e-01 7.437000000000000555e-02
7.716699999999999671e-01 7.438000000000000167e-02
7.731500000000000039e-01 7.438000000000000167e-02
7.745499999999999607e-01 7.438000000000000167e-02
7.759000000000000341e-01 7.437000000000000555e-02
7.771900000000000475e-01 7.437000000000000555e-02
7.784499999999999753e-01 7.434999999999999942e-02
7.797300000000000342e-01 7.437000000000000555e-02
7.810200000000000475e-01 7.438000000000000167e-02
7.822999999999999954e-01 7.439999999999999392e-02
7.835800000000000542e-01 7.437000000000000555e-02
7.848000000000000531e-01 7.434000000000000330e-02
7.859899999999999665e-01 7.434999999999999942e-02
7.871799999999999908e-01 7.435999999999999555e-02
7.883700000000000152e-01 7.431999999999999718e-02
7.895799999999999486e-01 7.434999999999999942e-02
7.907899999999999929e-01 7.431000000000000105e-02
7.919899999999999718e-01 7.435999999999999555e-02
7.931700000000000417e-01 7.435999999999999555e-02
7.943200000000000260e-01 7.432999999999999330e-02
7.954400000000000359e-01 7.434999999999999942e-02
7.965299999999999603e-01 7.435999999999999555e-02
7.975999999999999757e-01 7.437000000000000555e-02
7.987499999999999600e-01 7.434000000000000330e-02
7.999500000000000499e-01 7.435999999999999555e-02
8.010099999999999998e-01 7.431999999999999718e-02
8.019500000000000517e-01 7.435999999999999555e-02
8.029399999999999871e-01 7.434000000000000330e-02
8.039899999999999824e-01 7.435999999999999555e-02
8.050100000000000033e-01 7.437000000000000555e-02
8.060199999999999587e-01 7.438000000000000167e-02
8.070199999999999596e-01 7.435999999999999555e-02
8.080300000000000260e-01 7.438999999999999779e-02
8.090100000000000069e-01 7.441000000000000392e-02
8.099399999999999933e-01 7.438000000000000167e-02
8.108800000000000452e-01 7.442000000000000004e-02
8.118400000000000061e-01 7.439999999999999392e-02
8.127900000000000125e-01 7.442000000000000004e-02
8.137299999999999534e-01 7.441000000000000392e-02
8.146400000000000308e-01 7.442999999999999616e-02
8.155299999999999772e-01 7.444000000000000616e-02
8.163799999999999946e-01 7.445999999999999841e-02
8.171800000000000175e-01 7.445000000000000229e-02
8.179999999999999494e-01 7.448000000000000453e-02
8.188600000000000323e-01 7.451000000000000678e-02
8.197200000000000042e-01 7.448000000000000453e-02
8.205900000000000416e-01 7.446999999999999453e-02
8.213799999999999990e-01 7.449000000000000066e-02
8.220499999999999474e-01 7.449000000000000066e-02
8.227100000000000524e-01 7.448000000000000453e-02
8.234200000000000408e-01 7.451000000000000678e-02
8.241399999999999837e-01 7.449999999999999678e-02
8.248799999999999466e-01 7.449000000000000066e-02
8.256099999999999550e-01 7.451000000000000678e-02
8.263500000000000290e-01 7.449999999999999678e-02
8.270600000000000174e-01 7.449000000000000066e-02
8.277299999999999658e-01 7.446999999999999453e-02
8.283899999999999597e-01 7.452000000000000290e-02
8.290600000000000191e-01 7.449000000000000066e-02
8.297200000000000131e-01 7.448000000000000453e-02
8.303599999999999870e-01 7.448000000000000453e-02
8.309999999999999609e-01 7.448000000000000453e-02
8.316400000000000459e-01 7.446999999999999453e-02
8.322699999999999543e-01 7.446999999999999453e-02
8.328699999999999992e-01 7.445000000000000229e-02
8.334599999999999786e-01 7.445999999999999841e-02
8.340800000000000436e-01 7.445000000000000229e-02
8.346900000000000430e-01 7.444000000000000616e-02
8.352399999999999824e-01 7.444000000000000616e-02
8.357400000000000384e-01 7.441000000000000392e-02
8.362300000000000288e-01 7.442000000000000004e-02
8.367200000000000193e-01 7.439999999999999392e-02
8.372300000000000297e-01 7.438000000000000167e-02
8.377499999999999947e-01 7.438999999999999779e-02
8.383199999999999541e-01 7.435999999999999555e-02
8.388999999999999790e-01 7.434999999999999942e-02
8.393599999999999950e-01 7.432999999999999330e-02
8.397299999999999764e-01 7.432999999999999330e-02
8.401499999999999524e-01 7.431000000000000105e-02
8.406000000000000139e-01 7.431000000000000105e-02
8.410499999999999643e-01 7.428999999999999493e-02
8.415099999999999802e-01 7.427999999999999881e-02
8.419600000000000417e-01 7.427999999999999881e-02
8.424199999999999466e-01 7.427000000000000268e-02
8.427900000000000391e-01 7.424000000000000044e-02
8.430999999999999606e-01 7.424999999999999656e-02
8.435000000000000275e-01 7.424000000000000044e-02
8.439799999999999525e-01 7.423000000000000431e-02
8.444199999999999484e-01 7.423000000000000431e-02
8.448099999999999499e-01 7.421999999999999431e-02
8.451499999999999568e-01 7.420999999999999819e-02
8.454099999999999948e-01 7.420999999999999819e-02
8.457099999999999618e-01 7.420999999999999819e-02
8.460499999999999687e-01 7.420999999999999819e-02
8.463800000000000212e-01 7.421999999999999431e-02
8.467000000000000082e-01 7.423000000000000431e-02
8.470199999999999951e-01 7.423000000000000431e-02
8.473500000000000476e-01 7.424000000000000044e-02
8.476700000000000346e-01 7.424000000000000044e-02
8.479900000000000215e-01 7.424000000000000044e-02
8.482199999999999740e-01 7.421999999999999431e-02
8.483100000000000085e-01 7.419000000000000594e-02
8.485599999999999810e-01 7.416000000000000369e-02
8.491699999999999804e-01 7.410999999999999532e-02
8.492300000000000404e-01 7.405000000000000471e-02
8.482600000000000140e-01 7.398000000000000409e-02
8.476399999999999491e-01 7.391000000000000347e-02
8.479100000000000525e-01 7.384999999999999898e-02
8.483100000000000085e-01 7.378999999999999448e-02
8.486299999999999955e-01 7.374999999999999611e-02
8.489400000000000279e-01 7.371999999999999387e-02
8.491999999999999549e-01 7.369000000000000550e-02
8.494800000000000129e-01 7.367999999999999550e-02
8.497999999999999998e-01 7.366999999999999937e-02
8.500999999999999668e-01 7.366999999999999937e-02
8.502999999999999448e-01 7.367999999999999550e-02
8.505000000000000338e-01 7.369000000000000550e-02
8.507700000000000262e-01 7.369000000000000550e-02
8.510100000000000442e-01 7.370000000000000162e-02
8.511400000000000077e-01 7.370000000000000162e-02
8.512199999999999767e-01 7.370000000000000162e-02
8.512899999999999912e-01 7.370000000000000162e-02
8.513800000000000257e-01 7.370000000000000162e-02
8.515599999999999836e-01 7.370000000000000162e-02
8.517700000000000271e-01 7.370000000000000162e-02
8.519400000000000306e-01 7.370000000000000162e-02
8.520999999999999686e-01 7.369000000000000550e-02
8.523300000000000320e-01 7.369000000000000550e-02
8.525700000000000500e-01 7.369000000000000550e-02
8.527599999999999625e-01 7.369000000000000550e-02
8.529099999999999460e-01 7.369000000000000550e-02
8.530299999999999550e-01 7.367999999999999550e-02
8.531199999999999894e-01 7.367999999999999550e-02
8.531400000000000095e-01 7.367999999999999550e-02
8.531400000000000095e-01 7.366999999999999937e-02
8.532999999999999474e-01 7.366999999999999937e-02
8.535300000000000109e-01 7.366999999999999937e-02
8.536200000000000454e-01 7.366999999999999937e-02
8.536399999999999544e-01 7.366999999999999937e-02
8.537200000000000344e-01 7.366999999999999937e-02
8.538200000000000234e-01 7.366999999999999937e-02
8.538200000000000234e-01 7.366999999999999937e-02
8.537500000000000089e-01 7.366999999999999937e-02
8.537700000000000289e-01 7.366999999999999937e-02
8.538599999999999524e-01 7.366999999999999937e-02
8.539999999999999813e-01 7.366999999999999937e-02
8.541900000000000048e-01 7.366000000000000325e-02
8.542899999999999938e-01 7.366000000000000325e-02
8.543199999999999683e-01 7.366000000000000325e-02
8.542999999999999483e-01 7.366000000000000325e-02
8.542199999999999793e-01 7.364999999999999325e-02
8.541800000000000503e-01 7.364999999999999325e-02
8.541800000000000503e-01 7.364999999999999325e-02
8.542300000000000448e-01 7.364999999999999325e-02
8.543300000000000338e-01 7.363999999999999713e-02
8.543899999999999828e-01 7.363999999999999713e-02
8.544199999999999573e-01 7.363000000000000100e-02
8.544000000000000483e-01 7.363000000000000100e-02
8.543300000000000338e-01 7.362000000000000488e-02
8.542600000000000193e-01 7.360999999999999488e-02
8.541999999999999593e-01 7.359999999999999876e-02
8.541400000000000103e-01 7.359999999999999876e-02
8.540799999999999503e-01 7.359000000000000263e-02
8.540799999999999503e-01 7.358000000000000651e-02
8.541900000000000048e-01 7.356999999999999651e-02
8.542100000000000248e-01 7.356000000000000039e-02
8.540699999999999958e-01 7.355000000000000426e-02
8.539700000000000069e-01 7.355000000000000426e-02
8.540299999999999558e-01 7.353999999999999426e-02
8.540299999999999558e-01 7.353999999999999426e-02
8.538400000000000434e-01 7.352999999999999814e-02
8.537000000000000144e-01 7.352999999999999814e-02
8.537799999999999834e-01 7.352999999999999814e-02
8.538000000000000034e-01 7.352000000000000202e-02
8.535899999999999599e-01 7.352000000000000202e-02
8.534300000000000219e-01 7.352000000000000202e-02
8.535099999999999909e-01 7.352000000000000202e-02
8.535899999999999599e-01 7.351000000000000589e-02
8.535000000000000364e-01 7.351000000000000589e-02
8.533600000000000074e-01 7.349999999999999589e-02
8.531900000000000039e-01 7.349999999999999589e-02
8.530600000000000405e-01 7.348999999999999977e-02
8.530600000000000405e-01 7.348000000000000365e-02
8.530999999999999694e-01 7.346999999999999365e-02
8.530600000000000405e-01 7.345999999999999752e-02
8.529700000000000060e-01 7.345000000000000140e-02
8.528200000000000225e-01 7.345000000000000140e-02
8.526700000000000390e-01 7.344000000000000528e-02
8.526500000000000190e-01 7.342999999999999527e-02
8.526500000000000190e-01 7.342999999999999527e-02
8.524199999999999555e-01 7.341999999999999915e-02
8.521199999999999886e-01 7.341000000000000303e-02
8.519400000000000306e-01 7.341000000000000303e-02
8.518200000000000216e-01 7.340000000000000691e-02
8.517700000000000271e-01 7.338999999999999690e-02
8.517400000000000526e-01 7.338999999999999690e-02
8.515800000000000036e-01 7.338000000000000078e-02
8.513699999999999601e-01 7.337000000000000466e-02
8.513500000000000512e-01 7.334999999999999853e-02
8.514199999999999546e-01 7.334000000000000241e-02
8.512800000000000367e-01 7.333000000000000629e-02
8.510100000000000442e-01 7.331999999999999629e-02
8.508799999999999697e-01 7.330000000000000404e-02
8.508299999999999752e-01 7.328999999999999404e-02
8.506700000000000372e-01 7.327999999999999792e-02
8.504500000000000393e-01 7.326000000000000567e-02
8.503100000000000103e-01 7.324999999999999567e-02
8.502399999999999958e-01 7.323999999999999955e-02
8.500799999999999468e-01 7.323000000000000342e-02
8.498400000000000398e-01 7.321999999999999342e-02
8.497099999999999653e-01 7.320999999999999730e-02
8.496899999999999453e-01 7.320000000000000118e-02
8.496099999999999763e-01 7.319000000000000505e-02
8.494800000000000129e-01 7.317999999999999505e-02
8.494099999999999984e-01 7.316999999999999893e-02
8.494099999999999984e-01 7.316000000000000281e-02
8.493000000000000549e-01 7.315000000000000668e-02
8.490600000000000369e-01 7.313000000000000056e-02
8.488900000000000334e-01 7.312000000000000444e-02
8.487900000000000444e-01 7.310999999999999444e-02
8.486799999999999899e-01 7.309999999999999831e-02
8.485399999999999610e-01 7.309000000000000219e-02
8.484300000000000175e-01 7.308000000000000607e-02
8.483699999999999575e-01 7.306999999999999607e-02
8.482899999999999885e-01 7.305999999999999994e-02
8.481800000000000450e-01 7.305000000000000382e-02
8.480400000000000160e-01 7.303999999999999382e-02
8.478799999999999670e-01 7.302999999999999770e-02
8.477500000000000036e-01 7.302000000000000157e-02
8.476900000000000546e-01 7.301000000000000545e-02
8.476399999999999491e-01 7.299999999999999545e-02
8.475700000000000456e-01 7.298999999999999932e-02
8.474500000000000366e-01 7.298999999999999932e-02
8.471999999999999531e-01 7.298000000000000320e-02
8.470299999999999496e-01 7.296999999999999320e-02
8.470499999999999696e-01 7.296999999999999320e-02
8.470900000000000096e-01 7.295999999999999708e-02
8.470299999999999496e-01 7.295999999999999708e-02
8.469600000000000461e-01 7.295999999999999708e-02
8.469200000000000061e-01 7.295999999999999708e-02
8.468799999999999661e-01 7.295999999999999708e-02
8.468499999999999917e-01 7.295999999999999708e-02
8.468200000000000172e-01 7.295999999999999708e-02
8.467599999999999572e-01 7.295999999999999708e-02
8.466700000000000337e-01 7.295999999999999708e-02
8.464599999999999902e-01 7.295999999999999708e-02
8.462899999999999867e-01 7.295999999999999708e-02
8.464800000000000102e-01 7.295999999999999708e-02
8.467099999999999627e-01 7.295000000000000095e-02
8.465799999999999992e-01 7.295000000000000095e-02
8.463500000000000467e-01 7.294000000000000483e-02
8.463000000000000522e-01 7.294000000000000483e-02
8.463000000000000522e-01 7.292999999999999483e-02
8.461800000000000432e-01 7.291999999999999871e-02
8.460100000000000398e-01 7.291999999999999871e-02
8.458599999999999453e-01 7.291000000000000258e-02
8.457500000000000018e-01 7.290000000000000646e-02
8.458400000000000363e-01 7.290000000000000646e-02
8.460199999999999942e-01 7.288999999999999646e-02
8.459499999999999797e-01 7.288999999999999646e-02
8.457599999999999563e-01 7.288999999999999646e-02
8.457799999999999763e-01 7.288000000000000034e-02
8.458999999999999853e-01 7.288000000000000034e-02
8.458900000000000308e-01 7.288000000000000034e-02
8.457999999999999963e-01 7.288000000000000034e-02
8.457400000000000473e-01 7.288000000000000034e-02
8.456900000000000528e-01 7.288000000000000034e-02
8.457299999999999818e-01 7.287000000000000421e-02
8.458299999999999708e-01 7.287000000000000421e-02
8.458799999999999653e-01 7.287000000000000421e-02
8.458999999999999853e-01 7.285999999999999421e-02
8.458200000000000163e-01 7.285999999999999421e-02
8.456500000000000128e-01 7.284999999999999809e-02
8.455899999999999528e-01 7.284999999999999809e-02
8.456500000000000128e-01 7.284000000000000197e-02
8.457400000000000473e-01 7.284000000000000197e-02
8.458700000000000108e-01 7.283000000000000584e-02
8.458299999999999708e-01 7.281999999999999584e-02
8.455899999999999528e-01 7.281999999999999584e-02
8.455300000000000038e-01 7.280999999999999972e-02
8.457500000000000018e-01 7.280999999999999972e-02
8.457999999999999963e-01 7.280000000000000360e-02
8.455799999999999983e-01 7.280000000000000360e-02
8.455000000000000293e-01 7.278999999999999360e-02
8.456900000000000528e-01 7.278999999999999360e-02
8.457999999999999963e-01 7.277999999999999747e-02
8.457500000000000018e-01 7.277999999999999747e-02
8.457099999999999618e-01 7.277000000000000135e-02
8.457000000000000073e-01 7.277000000000000135e-02
8.457500000000000018e-01 7.276000000000000523e-02
8.459200000000000053e-01 7.274999999999999523e-02
8.460400000000000142e-01 7.273999999999999910e-02
8.460100000000000398e-01 7.273000000000000298e-02
8.459499999999999797e-01 7.272000000000000686e-02
8.458999999999999853e-01 7.270000000000000073e-02
8.458499999999999908e-01 7.269000000000000461e-02
8.457999999999999963e-01 7.267999999999999461e-02
8.457799999999999763e-01 7.266000000000000236e-02
8.457900000000000418e-01 7.265000000000000624e-02
8.458599999999999453e-01 7.263999999999999624e-02
8.460499999999999687e-01 7.263000000000000012e-02
8.462100000000000177e-01 7.262000000000000399e-02
8.461800000000000432e-01 7.262000000000000399e-02
8.461300000000000487e-01 7.260999999999999399e-02
8.461999999999999522e-01 7.260999999999999399e-02
8.462899999999999867e-01 7.262000000000000399e-02
8.462899999999999867e-01 7.262000000000000399e-02
8.462800000000000322e-01 7.263000000000000012e-02
8.463100000000000067e-01 7.263999999999999624e-02
8.463600000000000012e-01 7.265000000000000624e-02
8.464000000000000412e-01 7.266999999999999849e-02
8.464500000000000357e-01 7.269000000000000461e-02
8.465599999999999792e-01 7.270999999999999686e-02
8.466799999999999882e-01 7.273000000000000298e-02
8.467099999999999627e-01 7.274999999999999523e-02
8.467000000000000082e-01 7.277000000000000135e-02
8.466700000000000337e-01 7.278999999999999360e-02
8.466399999999999482e-01 7.280999999999999972e-02
8.467099999999999627e-01 7.283000000000000584e-02
8.468099999999999516e-01 7.284999999999999809e-02
8.467700000000000227e-01 7.285999999999999421e-02
8.466700000000000337e-01 7.287000000000000421e-02
8.467599999999999572e-01 7.288000000000000034e-02
8.469600000000000461e-01 7.288999999999999646e-02
8.470699999999999896e-01 7.290000000000000646e-02
8.471199999999999841e-01 7.290000000000000646e-02
8.471199999999999841e-01 7.290000000000000646e-02
8.470900000000000096e-01 7.290000000000000646e-02
8.471899999999999986e-01 7.290000000000000646e-02
8.474000000000000421e-01 7.290000000000000646e-02
8.474699999999999456e-01 7.290000000000000646e-02
8.474399999999999711e-01 7.288999999999999646e-02
8.474899999999999656e-01 7.288999999999999646e-02
8.476200000000000401e-01 7.288000000000000034e-02
8.477400000000000491e-01 7.288000000000000034e-02
8.478599999999999470e-01 7.288000000000000034e-02
8.478400000000000380e-01 7.287000000000000421e-02
8.476700000000000346e-01 7.287000000000000421e-02
8.477099999999999635e-01 7.287000000000000421e-02
8.479799999999999560e-01 7.285999999999999421e-02
8.481499999999999595e-01 7.285999999999999421e-02
8.482100000000000195e-01 7.285999999999999421e-02
8.481899999999999995e-01 7.284999999999999809e-02
8.480799999999999450e-01 7.284999999999999809e-02
8.481800000000000450e-01 7.284999999999999809e-02
8.486200000000000410e-01 7.284999999999999809e-02
8.488799999999999679e-01 7.284000000000000197e-02
8.487900000000000444e-01 7.284000000000000197e-02
8.487500000000000044e-01 7.284000000000000197e-02
8.488400000000000389e-01 7.283000000000000584e-02
8.489700000000000024e-01 7.283000000000000584e-02
8.491100000000000314e-01 7.283000000000000584e-02
8.492199999999999749e-01 7.281999999999999584e-02
8.492499999999999494e-01 7.281999999999999584e-02
8.493000000000000549e-01 7.281999999999999584e-02
8.493699999999999584e-01 7.280999999999999972e-02
8.494899999999999674e-01 7.280999999999999972e-02
8.496500000000000163e-01 7.280999999999999972e-02
8.498200000000000198e-01 7.280999999999999972e-02
8.500499999999999723e-01 7.280999999999999972e-02
8.501900000000000013e-01 7.280000000000000360e-02
8.500900000000000123e-01 7.280000000000000360e-02
8.500199999999999978e-01 7.280000000000000360e-02
8.502800000000000358e-01 7.280000000000000360e-02
8.505399999999999627e-01 7.280000000000000360e-02
8.505200000000000538e-01 7.278999999999999360e-02
8.504599999999999937e-01 7.278999999999999360e-02
8.505800000000000027e-01 7.278999999999999360e-02
8.507500000000000062e-01 7.278999999999999360e-02
8.508799999999999697e-01 7.277999999999999747e-02
8.509999999999999787e-01 7.277999999999999747e-02
8.511400000000000077e-01 7.277999999999999747e-02
8.512499999999999512e-01 7.277000000000000135e-02
8.512399999999999967e-01 7.277000000000000135e-02
8.512100000000000222e-01 7.276000000000000523e-02
8.514100000000000001e-01 7.276000000000000523e-02
8.516899999999999471e-01 7.274999999999999523e-02
8.518299999999999761e-01 7.274999999999999523e-02
8.519099999999999451e-01 7.274999999999999523e-02
8.520499999999999741e-01 7.273999999999999910e-02
8.522100000000000231e-01 7.273999999999999910e-02
8.523699999999999610e-01 7.273000000000000298e-02
8.525099999999999900e-01 7.273000000000000298e-02
8.525500000000000300e-01 7.273000000000000298e-02
8.525300000000000100e-01 7.273000000000000298e-02
8.525899999999999590e-01 7.272000000000000686e-02
8.527099999999999680e-01 7.272000000000000686e-02
8.528499999999999970e-01 7.272000000000000686e-02
8.530299999999999550e-01 7.272000000000000686e-02
8.532699999999999729e-01 7.272000000000000686e-02
8.535500000000000309e-01 7.270999999999999686e-02
8.537500000000000089e-01 7.270999999999999686e-02
8.538799999999999724e-01 7.270999999999999686e-02
8.539099999999999469e-01 7.270999999999999686e-02
8.538499999999999979e-01 7.270999999999999686e-02
8.540100000000000469e-01 7.270000000000000073e-02
8.544000000000000483e-01 7.270000000000000073e-02
8.545399999999999663e-01 7.270000000000000073e-02
8.544199999999999573e-01 7.270000000000000073e-02
8.544800000000000173e-01 7.270000000000000073e-02
8.547700000000000298e-01 7.269000000000000461e-02
8.549999999999999822e-01 7.269000000000000461e-02
8.551400000000000112e-01 7.269000000000000461e-02
8.552800000000000402e-01 7.269000000000000461e-02
8.554399999999999782e-01 7.267999999999999461e-02
8.555700000000000527e-01 7.267999999999999461e-02
8.556200000000000472e-01 7.267999999999999461e-02
8.557299999999999907e-01 7.266999999999999849e-02
8.559499999999999886e-01 7.266999999999999849e-02
8.561800000000000521e-01 7.266999999999999849e-02
8.564300000000000246e-01 7.266999999999999849e-02
8.566000000000000281e-01 7.266000000000000236e-02
8.566399999999999570e-01 7.266000000000000236e-02
8.567200000000000371e-01 7.266000000000000236e-02
8.569200000000000150e-01 7.265000000000000624e-02
8.571299999999999475e-01 7.265000000000000624e-02
8.572999999999999510e-01 7.265000000000000624e-02
8.574699999999999545e-01 7.265000000000000624e-02
8.576700000000000434e-01 7.263999999999999624e-02
8.578400000000000469e-01 7.263999999999999624e-02
8.579200000000000159e-01 7.263000000000000012e-02
8.579999999999999849e-01 7.263000000000000012e-02
8.581400000000000139e-01 7.263000000000000012e-02
8.582899999999999974e-01 7.263000000000000012e-02
8.584000000000000519e-01 7.262000000000000399e-02
8.585300000000000153e-01 7.262000000000000399e-02
8.587599999999999678e-01 7.262000000000000399e-02
8.589999999999999858e-01 7.260999999999999399e-02
8.591699999999999893e-01 7.260999999999999399e-02
8.593199999999999728e-01 7.260999999999999399e-02
8.594399999999999817e-01 7.259999999999999787e-02
8.595699999999999452e-01 7.259999999999999787e-02
8.598099999999999632e-01 7.259999999999999787e-02
8.600799999999999557e-01 7.259000000000000175e-02
8.602300000000000502e-01 7.259000000000000175e-02
8.603499999999999481e-01 7.259000000000000175e-02
8.605300000000000171e-01 7.258000000000000562e-02
8.607399999999999496e-01 7.258000000000000562e-02
8.609200000000000186e-01 7.256999999999999562e-02
8.610600000000000476e-01 7.256999999999999562e-02
8.611299999999999510e-01 7.256999999999999562e-02
8.611799999999999455e-01 7.255999999999999950e-02
8.614300000000000290e-01 7.255999999999999950e-02
8.617599999999999705e-01 7.255999999999999950e-02
8.619299999999999740e-01 7.255000000000000338e-02
8.619900000000000340e-01 7.255000000000000338e-02
8.621499999999999719e-01 7.253999999999999337e-02
8.623899999999999899e-01 7.253999999999999337e-02
8.626300000000000079e-01 7.252999999999999725e-02
8.628799999999999804e-01 7.252999999999999725e-02
8.630799999999999583e-01 7.252000000000000113e-02
8.632199999999999873e-01 7.252000000000000113e-02
8.633300000000000418e-01 7.251000000000000500e-02
8.633999999999999453e-01 7.251000000000000500e-02
8.635199999999999543e-01 7.251000000000000500e-02
8.636800000000000033e-01 7.249999999999999500e-02
8.639000000000000012e-01 7.249999999999999500e-02
8.641699999999999937e-01 7.249999999999999500e-02
8.644199999999999662e-01 7.248999999999999888e-02
8.646599999999999842e-01 7.248999999999999888e-02
8.648200000000000331e-01 7.248000000000000276e-02
8.648599999999999621e-01 7.248000000000000276e-02
8.650200000000000111e-01 7.248000000000000276e-02
8.653300000000000436e-01 7.247000000000000663e-02
8.655899999999999705e-01 7.247000000000000663e-02
8.657899999999999485e-01 7.245999999999999663e-02
8.659299999999999775e-01 7.245999999999999663e-02
8.659900000000000375e-01 7.245999999999999663e-02
8.661400000000000210e-01 7.245000000000000051e-02
8.664699999999999624e-01 7.245000000000000051e-02
8.667099999999999804e-01 7.244000000000000439e-02
8.667599999999999749e-01 7.244000000000000439e-02
8.668700000000000294e-01 7.244000000000000439e-02
8.671400000000000219e-01 7.242999999999999439e-02
8.673600000000000199e-01 7.242999999999999439e-02
8.674300000000000344e-01 7.241999999999999826e-02
8.675599999999999978e-01 7.241999999999999826e-02
8.678700000000000303e-01 7.241000000000000214e-02
8.681400000000000228e-01 7.241000000000000214e-02
8.682299999999999462e-01 7.240000000000000602e-02
8.683300000000000463e-01 7.238999999999999602e-02
8.685800000000000187e-01 7.238999999999999602e-02
8.688399999999999457e-01 7.237999999999999989e-02
8.690799999999999637e-01 7.237999999999999989e-02
8.692499999999999671e-01 7.237000000000000377e-02
8.692199999999999926e-01 7.237000000000000377e-02
8.691999999999999726e-01 7.235999999999999377e-02
8.693800000000000416e-01 7.234999999999999765e-02
8.696199999999999486e-01 7.234999999999999765e-02
8.698799999999999866e-01 7.234999999999999765e-02
8.701400000000000245e-01 7.234000000000000152e-02
8.703400000000000025e-01 7.234000000000000152e-02
8.705100000000000060e-01 7.234000000000000152e-02
8.706599999999999895e-01 7.233000000000000540e-02
8.708000000000000185e-01 7.233000000000000540e-02
8.709299999999999820e-01 7.233000000000000540e-02
8.710799999999999654e-01 7.233000000000000540e-02
8.713199999999999834e-01 7.233000000000000540e-02
8.716000000000000414e-01 7.233000000000000540e-02
8.717899999999999539e-01 7.233000000000000540e-02
8.719599999999999573e-01 7.234000000000000152e-02
8.721799999999999553e-01 7.234000000000000152e-02
8.723999999999999533e-01 7.234000000000000152e-02
8.725399999999999823e-01 7.234999999999999765e-02
8.726300000000000168e-01 7.234999999999999765e-02
8.727599999999999802e-01 7.235999999999999377e-02
8.729000000000000092e-01 7.237000000000000377e-02
8.729900000000000437e-01 7.237000000000000377e-02
8.730599999999999472e-01 7.237999999999999989e-02
8.731700000000000017e-01 7.238999999999999602e-02
8.733300000000000507e-01 7.240000000000000602e-02
8.735000000000000542e-01 7.241000000000000214e-02
8.736899999999999666e-01 7.241999999999999826e-02
8.739299999999999846e-01 7.242999999999999439e-02
8.741900000000000226e-01 7.244000000000000439e-02
8.743199999999999861e-01 7.245000000000000051e-02
8.743199999999999861e-01 7.245999999999999663e-02
8.744100000000000206e-01 7.247000000000000663e-02
8.745800000000000241e-01 7.248000000000000276e-02
8.747700000000000475e-01 7.248000000000000276e-02
8.749900000000000455e-01 7.248999999999999888e-02
8.751600000000000490e-01 7.249999999999999500e-02
8.752600000000000380e-01 7.251000000000000500e-02
8.754100000000000215e-01 7.252000000000000113e-02
8.756300000000000194e-01 7.252000000000000113e-02
8.757399999999999629e-01 7.252999999999999725e-02
8.756899999999999684e-01 7.253999999999999337e-02
8.757399999999999629e-01 7.253999999999999337e-02
8.759299999999999864e-01 7.253999999999999337e-02
8.761299999999999644e-01 7.255000000000000338e-02
8.762900000000000134e-01 7.255000000000000338e-02
8.764600000000000168e-01 7.255000000000000338e-02
8.766599999999999948e-01 7.255999999999999950e-02
8.768399999999999528e-01 7.255999999999999950e-02
8.769799999999999818e-01 7.255999999999999950e-02
8.770999999999999908e-01 7.255999999999999950e-02
8.772199999999999998e-01 7.255999999999999950e-02
8.773100000000000342e-01 7.255999999999999950e-02
8.773499999999999632e-01 7.255000000000000338e-02
8.774300000000000432e-01 7.255000000000000338e-02
8.776000000000000467e-01 7.255000000000000338e-02
8.777899999999999592e-01 7.253999999999999337e-02
8.780000000000000027e-01 7.253999999999999337e-02
8.781799999999999606e-01 7.253999999999999337e-02
8.782799999999999496e-01 7.252999999999999725e-02
8.783199999999999896e-01 7.252999999999999725e-02
8.782600000000000406e-01 7.252999999999999725e-02
8.782499999999999751e-01 7.252000000000000113e-02
8.784999999999999476e-01 7.252000000000000113e-02
8.788000000000000256e-01 7.252000000000000113e-02
8.789099999999999691e-01 7.251000000000000500e-02
8.789799999999999836e-01 7.251000000000000500e-02
8.791099999999999470e-01 7.251000000000000500e-02
8.792200000000000015e-01 7.249999999999999500e-02
8.791999999999999815e-01 7.249999999999999500e-02
8.791600000000000525e-01 7.249999999999999500e-02
8.792900000000000160e-01 7.249999999999999500e-02
8.794899999999999940e-01 7.249999999999999500e-02
8.796399999999999775e-01 7.248999999999999888e-02
8.797700000000000520e-01 7.248999999999999888e-02
8.798200000000000465e-01 7.248999999999999888e-02
8.798300000000000010e-01 7.248999999999999888e-02
8.799500000000000099e-01 7.248999999999999888e-02
8.800900000000000389e-01 7.248999999999999888e-02
8.800999999999999934e-01 7.248999999999999888e-02
8.800400000000000444e-01 7.248999999999999888e-02
8.801600000000000534e-01 7.248999999999999888e-02
8.803900000000000059e-01 7.248999999999999888e-02
8.805399999999999894e-01 7.248999999999999888e-02
8.806399999999999784e-01 7.248000000000000276e-02
8.806899999999999729e-01 7.248000000000000276e-02
8.806899999999999729e-01 7.248000000000000276e-02
8.807300000000000129e-01 7.248000000000000276e-02
8.808000000000000274e-01 7.248000000000000276e-02
8.807899999999999618e-01 7.248000000000000276e-02
8.807300000000000129e-01 7.248000000000000276e-02
8.808000000000000274e-01 7.248000000000000276e-02
8.810000000000000053e-01 7.248000000000000276e-02
8.811400000000000343e-01 7.247000000000000663e-02
8.812299999999999578e-01 7.247000000000000663e-02
8.812799999999999523e-01 7.247000000000000663e-02
8.812999999999999723e-01 7.247000000000000663e-02
8.813100000000000378e-01 7.245999999999999663e-02
8.812900000000000178e-01 7.245999999999999663e-02
8.813600000000000323e-01 7.245999999999999663e-02
8.815800000000000303e-01 7.245999999999999663e-02
8.816800000000000193e-01 7.245000000000000051e-02
8.816500000000000448e-01 7.245000000000000051e-02
8.815600000000000103e-01 7.245000000000000051e-02
8.813900000000000068e-01 7.245000000000000051e-02
8.813600000000000323e-01 7.244000000000000439e-02
8.815600000000000103e-01 7.244000000000000439e-02
8.817000000000000393e-01 7.244000000000000439e-02
8.816800000000000193e-01 7.244000000000000439e-02
8.816800000000000193e-01 7.244000000000000439e-02
8.817500000000000338e-01 7.242999999999999439e-02
8.818000000000000282e-01 7.242999999999999439e-02
8.818300000000000027e-01 7.242999999999999439e-02
8.818300000000000027e-01 7.242999999999999439e-02
8.817599999999999882e-01 7.241999999999999826e-02
8.816899999999999737e-01 7.241999999999999826e-02
8.816399999999999793e-01 7.241999999999999826e-02
8.816500000000000448e-01 7.241999999999999826e-02
8.817800000000000082e-01 7.241999999999999826e-02
8.818799999999999972e-01 7.241000000000000214e-02
8.817800000000000082e-01 7.241000000000000214e-02
8.816599999999999993e-01 7.241000000000000214e-02
8.816500000000000448e-01 7.241000000000000214e-02
8.816399999999999793e-01 7.241000000000000214e-02
8.815699999999999648e-01 7.240000000000000602e-02
8.814999999999999503e-01 7.240000000000000602e-02
8.814899999999999958e-01 7.240000000000000602e-02
8.815199999999999703e-01 7.240000000000000602e-02
8.816199999999999593e-01 7.240000000000000602e-02
8.817000000000000393e-01 7.238999999999999602e-02
8.816199999999999593e-01 7.238999999999999602e-02
8.814800000000000413e-01 7.238999999999999602e-02
8.814199999999999813e-01 7.238999999999999602e-02
8.813900000000000068e-01 7.238999999999999602e-02
8.813299999999999468e-01 7.237999999999999989e-02
8.812600000000000433e-01 7.237999999999999989e-02
8.811999999999999833e-01 7.237999999999999989e-02
8.811600000000000543e-01 7.237999999999999989e-02
8.811600000000000543e-01 7.237999999999999989e-02
8.811600000000000543e-01 7.237999999999999989e-02
8.809799999999999853e-01 7.237999999999999989e-02
8.807199999999999473e-01 7.237999999999999989e-02
8.807099999999999929e-01 7.237000000000000377e-02
8.808399999999999563e-01 7.237000000000000377e-02
8.808399999999999563e-01 7.237000000000000377e-02
8.807399999999999674e-01 7.237999999999999989e-02
8.806199999999999584e-01 7.237999999999999989e-02
8.804800000000000404e-01 7.237999999999999989e-02
8.803900000000000059e-01 7.237999999999999989e-02
8.803400000000000114e-01 7.237999999999999989e-02
8.802699999999999969e-01 7.237999999999999989e-02
8.801900000000000279e-01 7.238999999999999602e-02
8.801400000000000334e-01 7.238999999999999602e-02
8.801299999999999679e-01 7.238999999999999602e-02
8.799799999999999844e-01 7.240000000000000602e-02
8.796899999999999720e-01 7.240000000000000602e-02
8.794999999999999485e-01 7.240000000000000602e-02
8.793999999999999595e-01 7.241000000000000214e-02
8.792999999999999705e-01 7.241000000000000214e-02
8.792100000000000470e-01 7.241999999999999826e-02
8.790900000000000380e-01 7.241999999999999826e-02
8.789099999999999691e-01 7.242999999999999439e-02
8.787700000000000511e-01 7.242999999999999439e-02
8.786699999999999511e-01 7.244000000000000439e-02
8.785699999999999621e-01 7.244000000000000439e-02
8.784399999999999986e-01 7.244000000000000439e-02
8.782799999999999496e-01 7.245000000000000051e-02
8.780799999999999716e-01 7.245000000000000051e-02
8.778899999999999482e-01 7.245999999999999663e-02
8.777199999999999447e-01 7.245999999999999663e-02
8.775899999999999812e-01 7.245999999999999663e-02
8.774899999999999922e-01 7.247000000000000663e-02
8.773699999999999832e-01 7.247000000000000663e-02
8.771799999999999597e-01 7.248000000000000276e-02
8.770499999999999963e-01 7.248000000000000276e-02
8.770799999999999708e-01 7.248000000000000276e-02
8.770499999999999963e-01 7.248999999999999888e-02
8.768399999999999528e-01 7.248999999999999888e-02
8.766100000000000003e-01 7.248999999999999888e-02
8.764499999999999513e-01 7.249999999999999500e-02
8.762999999999999678e-01 7.249999999999999500e-02
8.761600000000000499e-01 7.249999999999999500e-02
8.760000000000000009e-01 7.249999999999999500e-02
8.757899999999999574e-01 7.249999999999999500e-02
8.755600000000000049e-01 7.249999999999999500e-02
8.753300000000000525e-01 7.249999999999999500e-02
8.750999999999999890e-01 7.249999999999999500e-02
8.748799999999999910e-01 7.249999999999999500e-02
8.746800000000000130e-01 7.249999999999999500e-02
8.745199999999999640e-01 7.251000000000000500e-02
8.743600000000000261e-01 7.251000000000000500e-02
8.741499999999999826e-01 7.251000000000000500e-02
8.739299999999999846e-01 7.251000000000000500e-02
8.737000000000000322e-01 7.251000000000000500e-02
8.734899999999999887e-01 7.251000000000000500e-02
8.733999999999999542e-01 7.249999999999999500e-02
8.733300000000000507e-01 7.249999999999999500e-02
8.731200000000000072e-01 7.249999999999999500e-02
8.728399999999999492e-01 7.249999999999999500e-02
8.725399999999999823e-01 7.249999999999999500e-02
8.722400000000000153e-01 7.249999999999999500e-02
8.720299999999999718e-01 7.249999999999999500e-02
8.718700000000000339e-01 7.249999999999999500e-02
8.716300000000000159e-01 7.249999999999999500e-02
8.713600000000000234e-01 7.249999999999999500e-02
8.710499999999999909e-01 7.249999999999999500e-02
8.707200000000000495e-01 7.249999999999999500e-02
8.704899999999999860e-01 7.249999999999999500e-02
8.703499999999999570e-01 7.248999999999999888e-02
8.701100000000000501e-01 7.248999999999999888e-02
8.698000000000000176e-01 7.248999999999999888e-02
8.695500000000000451e-01 7.248999999999999888e-02
8.693499999999999561e-01 7.248999999999999888e-02
8.691299999999999581e-01 7.248999999999999888e-02
8.688700000000000312e-01 7.248000000000000276e-02
8.685699999999999532e-01 7.248000000000000276e-02
8.682299999999999462e-01 7.248000000000000276e-02
8.679900000000000393e-01 7.248000000000000276e-02
8.678799999999999848e-01 7.248000000000000276e-02
8.675899999999999723e-01 7.247000000000000663e-02
8.670999999999999819e-01 7.247000000000000663e-02
8.666700000000000514e-01 7.247000000000000663e-02
8.663100000000000245e-01 7.247000000000000663e-02
8.660700000000000065e-01 7.247000000000000663e-02
8.659900000000000375e-01 7.247000000000000663e-02
8.658299999999999885e-01 7.245999999999999663e-02
8.655399999999999761e-01 7.245999999999999663e-02
8.651799999999999491e-01 7.245999999999999663e-02
8.647099999999999786e-01 7.245999999999999663e-02
8.643899999999999917e-01 7.245999999999999663e-02
8.643399999999999972e-01 7.245999999999999663e-02
8.641499999999999737e-01 7.245999999999999663e-02
8.636099999999999888e-01 7.245999999999999663e-02
8.630900000000000238e-01 7.245999999999999663e-02
8.627099999999999769e-01 7.245000000000000051e-02
8.623800000000000354e-01 7.245000000000000051e-02
8.620999999999999774e-01 7.245000000000000051e-02
8.618200000000000305e-01 7.245000000000000051e-02
8.615500000000000380e-01 7.245000000000000051e-02
8.612600000000000255e-01 7.245000000000000051e-02
8.609400000000000386e-01 7.245000000000000051e-02
8.605899999999999661e-01 7.245000000000000051e-02
8.601799999999999446e-01 7.245000000000000051e-02
8.597900000000000542e-01 7.245000000000000051e-02
8.595099999999999962e-01 7.245000000000000051e-02
8.592499999999999583e-01 7.245000000000000051e-02
8.589299999999999713e-01 7.245000000000000051e-02
8.585800000000000098e-01 7.245000000000000051e-02
8.581499999999999684e-01 7.245000000000000051e-02
8.576899999999999524e-01 7.245000000000000051e-02
8.572199999999999820e-01 7.245000000000000051e-02
8.568000000000000060e-01 7.245999999999999663e-02
8.565899999999999626e-01 7.245999999999999663e-02
8.564199999999999591e-01 7.245999999999999663e-02
8.560799999999999521e-01 7.245999999999999663e-02
8.556599999999999762e-01 7.245999999999999663e-02
8.552199999999999802e-01 7.245999999999999663e-02
8.547700000000000298e-01 7.245999999999999663e-02
8.543300000000000338e-01 7.245999999999999663e-02
8.539200000000000124e-01 7.245999999999999663e-02
8.535500000000000309e-01 7.245999999999999663e-02
8.531999999999999584e-01 7.245999999999999663e-02
8.528799999999999715e-01 7.245999999999999663e-02
8.525700000000000500e-01 7.245999999999999663e-02
8.521600000000000286e-01 7.245999999999999663e-02
8.517000000000000126e-01 7.245999999999999663e-02
8.512999999999999456e-01 7.245999999999999663e-02
8.509600000000000497e-01 7.245999999999999663e-02
8.506200000000000427e-01 7.245999999999999663e-02
8.502899999999999903e-01 7.245999999999999663e-02
8.498599999999999488e-01 7.245999999999999663e-02
8.493500000000000494e-01 7.245999999999999663e-02
8.489400000000000279e-01 7.245999999999999663e-02
8.486200000000000410e-01 7.245999999999999663e-02
8.482399999999999940e-01 7.245999999999999663e-02
8.478099999999999525e-01 7.245999999999999663e-02
8.473699999999999566e-01 7.245999999999999663e-02
8.469299999999999606e-01 7.245999999999999663e-02
8.465200000000000502e-01 7.245999999999999663e-02
8.461300000000000487e-01 7.245999999999999663e-02
8.457200000000000273e-01 7.245999999999999663e-02
8.452800000000000313e-01 7.245999999999999663e-02
8.449299999999999589e-01 7.245000000000000051e-02
8.447099999999999609e-01 7.245000000000000051e-02
8.444300000000000139e-01 7.245000000000000051e-02
8.440600000000000325e-01 7.245000000000000051e-02
8.436099999999999710e-01 7.245000000000000051e-02
8.430499999999999661e-01 7.245000000000000051e-02
8.425599999999999756e-01 7.245000000000000051e-02
8.421999999999999487e-01 7.245000000000000051e-02
8.418099999999999472e-01 7.245000000000000051e-02
8.413500000000000423e-01 7.245000000000000051e-02
8.408999999999999808e-01 7.245000000000000051e-02
8.404800000000000049e-01 7.245000000000000051e-02
8.400800000000000489e-01 7.245000000000000051e-02
8.397200000000000220e-01 7.245000000000000051e-02
8.393599999999999950e-01 7.245000000000000051e-02
8.389999999999999680e-01 7.245000000000000051e-02
8.385700000000000376e-01 7.245000000000000051e-02
8.380300000000000527e-01 7.245000000000000051e-02
8.374500000000000277e-01 7.245000000000000051e-02
8.368999999999999773e-01 7.245000000000000051e-02
8.363800000000000123e-01 7.245000000000000051e-02
8.359400000000000164e-01 7.245000000000000051e-02
8.355200000000000404e-01 7.245000000000000051e-02
8.351399999999999935e-01 7.245000000000000051e-02
8.347599999999999465e-01 7.245000000000000051e-02
8.343500000000000361e-01 7.245000000000000051e-02
8.339100000000000401e-01 7.245000000000000051e-02
8.334599999999999786e-01 7.245000000000000051e-02
8.329900000000000082e-01 7.245000000000000051e-02
8.325200000000000378e-01 7.245000000000000051e-02
8.320400000000000018e-01 7.244000000000000439e-02
8.315700000000000314e-01 7.244000000000000439e-02
8.310999999999999499e-01 7.244000000000000439e-02
8.305700000000000305e-01 7.244000000000000439e-02
8.300199999999999800e-01 7.244000000000000439e-02
8.294899999999999496e-01 7.244000000000000439e-02
8.289800000000000502e-01 7.244000000000000439e-02
8.285900000000000487e-01 7.244000000000000439e-02
8.282599999999999962e-01 7.244000000000000439e-02
8.278900000000000148e-01 7.244000000000000439e-02
8.275099999999999678e-01 7.244000000000000439e-02
8.270800000000000374e-01 7.244000000000000439e-02
8.266200000000000214e-01 7.244000000000000439e-02
8.261199999999999655e-01 7.244000000000000439e-02
8.255799999999999805e-01 7.244000000000000439e-02
8.250300000000000411e-01 7.244000000000000439e-02
8.244799999999999907e-01 7.244000000000000439e-02
8.240100000000000202e-01 7.244000000000000439e-02
8.235999999999999988e-01 7.242999999999999439e-02
8.231899999999999773e-01 7.242999999999999439e-02
8.227900000000000214e-01 7.242999999999999439e-02
8.222599999999999909e-01 7.242999999999999439e-02
8.215999999999999970e-01 7.242999999999999439e-02
8.211100000000000065e-01 7.241999999999999826e-02
8.207600000000000451e-01 7.241999999999999826e-02
8.203700000000000436e-01 7.241999999999999826e-02
8.199400000000000022e-01 7.241999999999999826e-02
8.193799999999999972e-01 7.241000000000000214e-02
8.186600000000000543e-01 7.241000000000000214e-02
8.180800000000000294e-01 7.241000000000000214e-02
8.176799999999999624e-01 7.241000000000000214e-02
8.172899999999999610e-01 7.240000000000000602e-02
8.169100000000000250e-01 7.240000000000000602e-02
8.165000000000000036e-01 7.240000000000000602e-02
8.160800000000000276e-01 7.238999999999999602e-02
8.155799999999999716e-01 7.238999999999999602e-02
8.149800000000000377e-01 7.238999999999999602e-02
8.144000000000000128e-01 7.237999999999999989e-02
8.138300000000000534e-01 7.237999999999999989e-02
8.132800000000000029e-01 7.237999999999999989e-02
8.127400000000000180e-01 7.237999999999999989e-02
8.122000000000000330e-01 7.237000000000000377e-02
8.116200000000000081e-01 7.237000000000000377e-02
8.110699999999999577e-01 7.237000000000000377e-02
8.106100000000000527e-01 7.237000000000000377e-02
8.101599999999999913e-01 7.235999999999999377e-02
8.097299999999999498e-01 7.235999999999999377e-02
8.092700000000000449e-01 7.235999999999999377e-02
8.086999999999999744e-01 7.235999999999999377e-02
8.081399999999999695e-01 7.235999999999999377e-02
8.076200000000000045e-01 7.235999999999999377e-02
8.071199999999999486e-01 7.234999999999999765e-02
8.066200000000000037e-01 7.234999999999999765e-02
8.061199999999999477e-01 7.234999999999999765e-02
8.055999999999999828e-01 7.234999999999999765e-02
8.050899999999999723e-01 7.234000000000000152e-02
8.046600000000000419e-01 7.234000000000000152e-02
8.042399999999999549e-01 7.234000000000000152e-02
8.037999999999999590e-01 7.234000000000000152e-02
8.033000000000000140e-01 7.234000000000000152e-02
8.026699999999999946e-01 7.234000000000000152e-02
8.019800000000000262e-01 7.234000000000000152e-02
8.013700000000000268e-01 7.233000000000000540e-02
8.007900000000000018e-01 7.233000000000000540e-02
8.002500000000000169e-01 7.233000000000000540e-02
7.997499999999999609e-01 7.233000000000000540e-02
7.993200000000000305e-01 7.233000000000000540e-02
7.989199999999999635e-01 7.233000000000000540e-02
7.984599999999999476e-01 7.233000000000000540e-02
7.979699999999999571e-01 7.233000000000000540e-02
7.974599999999999467e-01 7.233000000000000540e-02
7.969399999999999817e-01 7.233000000000000540e-02
7.964200000000000168e-01 7.233000000000000540e-02
7.959100000000000064e-01 7.233000000000000540e-02
7.954499999999999904e-01 7.233000000000000540e-02
7.950300000000000145e-01 7.233000000000000540e-02
7.946299999999999475e-01 7.233000000000000540e-02
7.942200000000000371e-01 7.233000000000000540e-02
7.937499999999999556e-01 7.234000000000000152e-02
7.932200000000000362e-01 7.234000000000000152e-02
7.927300000000000457e-01 7.234000000000000152e-02
7.922599999999999643e-01 7.234000000000000152e-02
7.917999999999999483e-01 7.234000000000000152e-02
7.913299999999999779e-01 7.234000000000000152e-02
7.907199999999999784e-01 7.234000000000000152e-02
7.899800000000000155e-01 7.234000000000000152e-02
7.893000000000000016e-01 7.234000000000000152e-02
7.886999999999999567e-01 7.234000000000000152e-02
7.881700000000000372e-01 7.234000000000000152e-02
7.877399999999999958e-01 7.234000000000000152e-02
7.872599999999999598e-01 7.234000000000000152e-02
7.867399999999999949e-01 7.234999999999999765e-02
7.862099999999999644e-01 7.234999999999999765e-02
7.856800000000000450e-01 7.234999999999999765e-02
7.851500000000000146e-01 7.234999999999999765e-02
7.845999999999999641e-01 7.234999999999999765e-02
7.841000000000000192e-01 7.234999999999999765e-02
7.836600000000000232e-01 7.234999999999999765e-02
7.832299999999999818e-01 7.234999999999999765e-02
7.828000000000000513e-01 7.234999999999999765e-02
7.823200000000000154e-01 7.234999999999999765e-02
7.817600000000000104e-01 7.234999999999999765e-02
7.811900000000000510e-01 7.234999999999999765e-02
7.806199999999999806e-01 7.234999999999999765e-02
7.800599999999999756e-01 7.234999999999999765e-02
7.794900000000000162e-01 7.235999999999999377e-02
7.790099999999999802e-01 7.235999999999999377e-02
7.786800000000000388e-01 7.235999999999999377e-02
7.783400000000000318e-01 7.235999999999999377e-02
7.779399999999999649e-01 7.235999999999999377e-02
7.774699999999999944e-01 7.235999999999999377e-02
7.768699999999999495e-01 7.235999999999999377e-02
7.762499999999999956e-01 7.237000000000000377e-02
7.756800000000000361e-01 7.237000000000000377e-02
7.751400000000000512e-01 7.237000000000000377e-02
7.746300000000000407e-01 7.237000000000000377e-02
7.741900000000000448e-01 7.237000000000000377e-02
7.738699999999999468e-01 7.237000000000000377e-02
7.735699999999999799e-01 7.237000000000000377e-02
7.731500000000000039e-01 7.237000000000000377e-02
7.726699999999999680e-01 7.237999999999999989e-02
7.721099999999999630e-01 7.237999999999999989e-02
7.715300000000000491e-01 7.237999999999999989e-02
7.710700000000000331e-01 7.237999999999999989e-02
7.706600000000000117e-01 7.237999999999999989e-02
7.702400000000000357e-01 7.237999999999999989e-02
7.698199999999999488e-01 7.237999999999999989e-02
7.693499999999999783e-01 7.237999999999999989e-02
7.688700000000000534e-01 7.237999999999999989e-02
7.684100000000000374e-01 7.237999999999999989e-02
7.679599999999999760e-01 7.237999999999999989e-02
7.675199999999999800e-01 7.237999999999999989e-02
7.670700000000000296e-01 7.237000000000000377e-02
7.665399999999999991e-01 7.237000000000000377e-02
7.659599999999999742e-01 7.237000000000000377e-02
7.653999999999999693e-01 7.237000000000000377e-02
7.648599999999999843e-01 7.237000000000000377e-02
7.643699999999999939e-01 7.237000000000000377e-02
7.639399999999999524e-01 7.237000000000000377e-02
7.635499999999999510e-01 7.237000000000000377e-02
7.631999999999999895e-01 7.237000000000000377e-02
7.628899999999999570e-01 7.237000000000000377e-02
7.625899999999999901e-01 7.235999999999999377e-02
7.621599999999999486e-01 7.235999999999999377e-02
7.616300000000000292e-01 7.235999999999999377e-02
7.611200000000000188e-01 7.235999999999999377e-02
7.606399999999999828e-01 7.235999999999999377e-02
7.602999999999999758e-01 7.235999999999999377e-02
7.601099999999999524e-01 7.234999999999999765e-02
7.597899999999999654e-01 7.234999999999999765e-02
7.593400000000000150e-01 7.234999999999999765e-02
7.587699999999999445e-01 7.234999999999999765e-02
7.580900000000000416e-01 7.234999999999999765e-02
7.575199999999999712e-01 7.234000000000000152e-02
7.570999999999999952e-01 7.234000000000000152e-02
7.567000000000000393e-01 7.234000000000000152e-02
7.563100000000000378e-01 7.233000000000000540e-02
7.558300000000000018e-01 7.233000000000000540e-02
7.551900000000000279e-01 7.233000000000000540e-02
7.546100000000000030e-01 7.231999999999999540e-02
7.541299999999999670e-01 7.231999999999999540e-02
7.537599999999999856e-01 7.231999999999999540e-02
7.535500000000000531e-01 7.230999999999999928e-02
7.533100000000000351e-01 7.230999999999999928e-02
7.529700000000000282e-01 7.230000000000000315e-02
7.525800000000000267e-01 7.230000000000000315e-02
7.521499999999999853e-01 7.230000000000000315e-02
7.516399999999999748e-01 7.228999999999999315e-02
7.510099999999999554e-01 7.228999999999999315e-02
7.503900000000000015e-01 7.227999999999999703e-02
7.497800000000000020e-01 7.227999999999999703e-02
7.492799999999999461e-01 7.227999999999999703e-02
7.489799999999999791e-01 7.227000000000000091e-02
7.487099999999999866e-01 7.227000000000000091e-02
7.483400000000000052e-01 7.226000000000000478e-02
7.479099999999999637e-01 7.226000000000000478e-02
7.473800000000000443e-01 7.226000000000000478e-02
7.468099999999999739e-01 7.224999999999999478e-02
7.462999999999999634e-01 7.224999999999999478e-02
7.458099999999999730e-01 7.224999999999999478e-02
7.453300000000000480e-01 7.223999999999999866e-02
7.449000000000000066e-01 7.223999999999999866e-02
7.445800000000000196e-01 7.223999999999999866e-02
7.443100000000000271e-01 7.223999999999999866e-02
7.440400000000000347e-01 7.223000000000000254e-02
7.437399999999999567e-01 7.223000000000000254e-02
7.433199999999999807e-01 7.223000000000000254e-02
7.428399999999999448e-01 7.223000000000000254e-02
7.423899999999999944e-01 7.223000000000000254e-02
7.419400000000000439e-01 7.222000000000000641e-02
7.415100000000000025e-01 7.222000000000000641e-02
7.411100000000000465e-01 7.222000000000000641e-02
7.407500000000000195e-01 7.222000000000000641e-02
7.404199999999999671e-01 7.222000000000000641e-02
7.401400000000000201e-01 7.222000000000000641e-02
7.398599999999999621e-01 7.220999999999999641e-02
7.394100000000000117e-01 7.220999999999999641e-02
7.388500000000000068e-01 7.220999999999999641e-02
7.382400000000000073e-01 7.220999999999999641e-02
7.376000000000000334e-01 7.220999999999999641e-02
7.371499999999999719e-01 7.220999999999999641e-02
7.368500000000000050e-01 7.220999999999999641e-02
7.365599999999999925e-01 7.220999999999999641e-02
7.362900000000000000e-01 7.220999999999999641e-02
7.359099999999999531e-01 7.220999999999999641e-02
7.354399999999999826e-01 7.220000000000000029e-02
7.349799999999999667e-01 7.220000000000000029e-02
7.345399999999999707e-01 7.220000000000000029e-02
7.341299999999999493e-01 7.220000000000000029e-02
7.337599999999999678e-01 7.219000000000000417e-02
7.333899999999999864e-01 7.219000000000000417e-02
7.330100000000000504e-01 7.217999999999999416e-02
7.326399999999999579e-01 7.217999999999999416e-02
7.322699999999999765e-01 7.217999999999999416e-02
7.318900000000000405e-01 7.216999999999999804e-02
7.314899999999999736e-01 7.216999999999999804e-02
7.310900000000000176e-01 7.216000000000000192e-02
7.306700000000000417e-01 7.216000000000000192e-02
7.302400000000000002e-01 7.216000000000000192e-02
7.298099999999999588e-01 7.215000000000000580e-02
7.293699999999999628e-01 7.213999999999999579e-02
7.289299999999999669e-01 7.213999999999999579e-02
7.285099999999999909e-01 7.212999999999999967e-02
7.281100000000000350e-01 7.212999999999999967e-02
7.277400000000000535e-01 7.212000000000000355e-02
7.273800000000000265e-01 7.210999999999999355e-02
7.270600000000000396e-01 7.209999999999999742e-02
7.267900000000000471e-01 7.209999999999999742e-02
7.265200000000000546e-01 7.209000000000000130e-02
7.262499999999999512e-01 7.208000000000000518e-02
7.259299999999999642e-01 7.206999999999999518e-02
7.255200000000000538e-01 7.205999999999999905e-02
7.250999999999999668e-01 7.205000000000000293e-02
7.247099999999999653e-01 7.204000000000000681e-02
7.243699999999999584e-01 7.202999999999999681e-02
7.241499999999999604e-01 7.202000000000000068e-02
7.239499999999999824e-01 7.201000000000000456e-02
7.236700000000000355e-01 7.198999999999999844e-02
7.233300000000000285e-01 7.198000000000000231e-02
7.228400000000000380e-01 7.197000000000000619e-02
7.223300000000000276e-01 7.195999999999999619e-02
7.218999999999999861e-01 7.194000000000000394e-02
7.215399999999999592e-01 7.192999999999999394e-02
7.213000000000000522e-01 7.191000000000000170e-02
7.210800000000000542e-01 7.190000000000000557e-02
7.207900000000000418e-01 7.187999999999999945e-02
7.204500000000000348e-01 7.187000000000000333e-02
7.200499999999999678e-01 7.184999999999999720e-02
7.196099999999999719e-01 7.184000000000000108e-02
7.192100000000000160e-01 7.181999999999999496e-02
7.188200000000000145e-01 7.180999999999999883e-02
7.184500000000000330e-01 7.179000000000000659e-02
7.180800000000000516e-01 7.177000000000000046e-02
7.175700000000000411e-01 7.176000000000000434e-02
7.169600000000000417e-01 7.173999999999999821e-02
7.162600000000000078e-01 7.173000000000000209e-02
7.155099999999999794e-01 7.170999999999999597e-02
7.149199999999999999e-01 7.169000000000000372e-02
7.144500000000000295e-01 7.167999999999999372e-02
7.140699999999999825e-01 7.166000000000000147e-02
7.137700000000000156e-01 7.163999999999999535e-02
7.134899999999999576e-01 7.162999999999999923e-02
