0.000000000000000000e+00 8.747800000000000020e-01
1.940000000000000101e-03 8.740200000000000191e-01
2.089999999999999844e-03 8.734600000000000142e-01
2.259999999999999856e-03 8.727899999999999547e-01
2.409999999999999816e-03 8.721499999999999808e-01
2.569999999999999802e-03 8.715000000000000524e-01
2.700000000000000143e-03 8.708399999999999475e-01
2.799999999999999972e-03 8.701499999999999790e-01
2.870000000000000155e-03 8.694899999999999851e-01
2.899999999999999800e-03 8.687899999999999512e-01
2.850000000000000103e-03 8.680900000000000283e-01
2.739999999999999814e-03 8.673999999999999488e-01
2.550000000000000183e-03 8.667000000000000259e-01
2.350000000000000092e-03 8.660299999999999665e-01
2.220000000000000185e-03 8.653100000000000236e-01
2.220000000000000185e-03 8.646300000000000097e-01
2.279999999999999909e-03 8.638500000000000068e-01
2.439999999999999895e-03 8.631499999999999728e-01
2.619999999999999933e-03 8.624199999999999644e-01
2.820000000000000024e-03 8.617200000000000415e-01
3.030000000000000141e-03 8.609999999999999876e-01
3.259999999999999877e-03 8.602499999999999591e-01
3.569999999999999823e-03 8.593800000000000328e-01
3.910000000000000281e-03 8.585399999999999698e-01
4.270000000000000358e-03 8.578400000000000469e-01
4.599999999999999922e-03 8.569700000000000095e-01
4.919999999999999894e-03 8.560999999999999721e-01
5.210000000000000221e-03 8.548599999999999532e-01
5.490000000000000088e-03 8.542199999999999793e-01
5.769999999999999955e-03 8.533300000000000329e-01
6.049999999999999822e-03 8.524100000000000010e-01
6.320000000000000097e-03 8.516000000000000236e-01
6.559999999999999859e-03 8.507500000000000062e-01
6.810000000000000081e-03 8.499100000000000543e-01
7.040000000000000251e-03 8.489900000000000224e-01
7.230000000000000315e-03 8.484099999999999975e-01
7.420000000000000380e-03 8.475200000000000511e-01
7.599999999999999985e-03 8.466799999999999882e-01
7.769999999999999997e-03 8.457999999999999963e-01
7.960000000000000062e-03 8.448600000000000554e-01
8.109999999999999154e-03 8.440100000000000380e-01
8.250000000000000389e-03 8.432500000000000551e-01
8.410000000000000808e-03 8.423899999999999721e-01
8.540000000000000716e-03 8.414099999999999913e-01
8.699999999999999400e-03 8.404800000000000049e-01
8.850000000000000228e-03 8.394700000000000495e-01
8.980000000000000135e-03 8.384399999999999631e-01
9.090000000000000857e-03 8.375099999999999767e-01
9.190000000000000252e-03 8.365700000000000358e-01
9.329999999999999752e-03 8.356799999999999784e-01
9.400000000000000369e-03 8.344799999999999995e-01
9.450000000000000067e-03 8.335299999999999931e-01
9.480000000000000579e-03 8.323899999999999633e-01
9.469999999999999252e-03 8.313700000000000534e-01
9.429999999999999147e-03 8.304200000000000470e-01
9.350000000000000672e-03 8.291300000000000336e-01
9.249999999999999542e-03 8.283000000000000362e-01
9.119999999999999635e-03 8.269199999999999884e-01
8.940000000000000030e-03 8.260800000000000365e-01
8.729999999999999913e-03 8.248299999999999521e-01
8.519999999999999796e-03 8.237999999999999767e-01
8.279999999999999166e-03 8.225099999999999634e-01
8.059999999999999457e-03 8.214599999999999680e-01
7.799999999999999642e-03 8.202000000000000401e-01
7.459999999999999618e-03 8.188499999999999668e-01
7.190000000000000210e-03 8.178400000000000114e-01
6.870000000000000238e-03 8.162599999999999856e-01
6.550000000000000266e-03 8.150800000000000267e-01
6.250000000000000347e-03 8.144599999999999618e-01
5.980000000000000072e-03 8.128499999999999615e-01
5.830000000000000113e-03 8.110199999999999632e-01
6.080000000000000335e-03 8.097100000000000408e-01
7.089999999999999948e-03 8.090600000000000014e-01
9.900000000000000813e-03 8.081700000000000550e-01
1.646999999999999853e-02 8.056600000000000428e-01
2.691999999999999948e-02 8.056200000000000028e-01
4.177999999999999770e-02 8.047100000000000364e-01
5.351999999999999813e-02 8.033599999999999630e-01
5.924999999999999711e-02 8.014700000000000157e-01
6.124999999999999889e-02 7.993299999999999850e-01
6.343000000000000027e-02 7.969300000000000272e-01
6.537999999999999368e-02 7.980399999999999716e-01
6.675999999999999990e-02 7.974200000000000177e-01
6.793000000000000427e-02 7.969199999999999617e-01
6.904000000000000414e-02 7.949500000000000455e-01
7.002999999999999503e-02 7.928199999999999692e-01
7.105000000000000204e-02 7.909199999999999564e-01
7.199999999999999456e-02 7.898899999999999810e-01
7.302000000000000157e-02 7.889899999999999691e-01
7.402999999999999858e-02 7.880500000000000282e-01
7.492000000000000048e-02 7.865900000000000114e-01
7.595000000000000362e-02 7.862299999999999844e-01
7.698000000000000675e-02 7.852299999999999836e-01
7.792000000000000315e-02 7.837899999999999867e-01
7.890999999999999404e-02 7.827499999999999458e-01
7.988000000000000655e-02 7.814100000000000490e-01
8.087999999999999357e-02 7.801900000000000501e-01
8.192000000000000670e-02 7.787199999999999678e-01
8.301000000000000045e-02 7.774999999999999689e-01
8.415000000000000258e-02 7.760399999999999521e-01
8.531999999999999307e-02 7.747899999999999787e-01
8.651000000000000356e-02 7.733700000000000019e-01
8.766999999999999793e-02 7.721099999999999630e-01
8.887000000000000455e-02 7.706399999999999917e-01
9.005000000000000504e-02 7.693100000000000493e-01
9.123000000000000553e-02 7.677300000000000235e-01
9.246000000000000052e-02 7.663799999999999502e-01
9.370000000000000551e-02 7.649099999999999788e-01
9.499000000000000499e-02 7.633900000000000130e-01
9.626999999999999447e-02 7.619000000000000217e-01
9.750999999999999945e-02 7.603600000000000358e-01
9.875000000000000444e-02 7.588300000000000045e-01
9.993000000000000493e-02 7.573499999999999677e-01
1.010800000000000032e-01 7.557800000000000074e-01
1.021800000000000069e-01 7.542699999999999960e-01
1.032799999999999968e-01 7.526800000000000157e-01
1.043800000000000006e-01 7.512299999999999534e-01
1.054100000000000037e-01 7.496500000000000385e-01
1.064500000000000030e-01 7.480200000000000182e-01
1.074699999999999961e-01 7.465300000000000269e-01
1.084699999999999970e-01 7.449299999999999811e-01
1.094699999999999979e-01 7.432800000000000518e-01
1.104799999999999949e-01 7.416800000000000059e-01
1.114900000000000058e-01 7.399799999999999711e-01
1.125000000000000028e-01 7.383600000000000163e-01
1.135199999999999959e-01 7.366300000000000070e-01
1.145499999999999990e-01 7.349299999999999722e-01
1.156200000000000006e-01 7.332600000000000229e-01
1.168199999999999933e-01 7.315300000000000136e-01
1.181200000000000028e-01 7.298599999999999532e-01
1.195200000000000012e-01 7.282100000000000239e-01
1.210100000000000064e-01 7.264899999999999691e-01
1.225300000000000000e-01 7.247999999999999998e-01
1.241099999999999981e-01 7.230699999999999905e-01
1.256799999999999862e-01 7.213899999999999757e-01
1.271500000000000130e-01 7.196500000000000119e-01
1.285600000000000076e-01 7.178999999999999826e-01
1.298999999999999877e-01 7.161100000000000243e-01
1.312200000000000033e-01 7.143199999999999550e-01
1.324899999999999967e-01 7.126000000000000112e-01
1.337800000000000100e-01 7.107499999999999929e-01
1.350999999999999979e-01 7.088900000000000201e-01
1.364599999999999980e-01 7.071100000000000163e-01
1.380000000000000115e-01 7.052000000000000490e-01
1.395899999999999919e-01 7.033599999999999852e-01
1.412599999999999967e-01 7.015599999999999614e-01
1.429100000000000092e-01 6.997799999999999576e-01
1.445700000000000041e-01 6.978499999999999703e-01
1.462299999999999989e-01 6.959899999999999975e-01
1.479100000000000137e-01 6.940800000000000303e-01
1.495799999999999907e-01 6.922599999999999865e-01
1.512300000000000033e-01 6.903899999999999482e-01
1.528500000000000136e-01 6.884200000000000319e-01
1.544399999999999940e-01 6.864999999999999991e-01
1.560199999999999920e-01 6.845799999999999663e-01
1.575400000000000134e-01 6.826499999999999790e-01
1.590999999999999914e-01 6.806900000000000173e-01
1.606200000000000128e-01 6.787100000000000355e-01
1.622200000000000031e-01 6.766699999999999937e-01
1.637899999999999912e-01 6.747199999999999864e-01
1.653699999999999892e-01 6.727199999999999847e-01
1.669400000000000051e-01 6.706800000000000539e-01
1.685099999999999931e-01 6.687899999999999956e-01
1.701499999999999957e-01 6.666499999999999648e-01
1.717599999999999960e-01 6.646699999999999831e-01
1.734199999999999908e-01 6.626400000000000068e-01
1.750500000000000111e-01 6.605900000000000105e-01
1.767100000000000060e-01 6.585400000000000142e-01
1.783899999999999930e-01 6.565400000000000125e-01
1.800400000000000056e-01 6.543900000000000272e-01
1.816800000000000082e-01 6.521599999999999620e-01
1.834300000000000097e-01 6.500700000000000367e-01
1.851200000000000068e-01 6.478099999999999969e-01
1.867900000000000116e-01 6.460399999999999476e-01
1.885499999999999954e-01 6.438599999999999879e-01
1.903400000000000092e-01 6.414400000000000102e-01
1.920300000000000062e-01 6.391599999999999504e-01
1.938300000000000023e-01 6.368599999999999817e-01
1.955699999999999938e-01 6.352700000000000014e-01
1.973900000000000099e-01 6.330400000000000471e-01
1.991400000000000114e-01 6.306899999999999729e-01
2.008999999999999952e-01 6.287099999999999911e-01
2.027100000000000013e-01 6.260999999999999899e-01
2.046000000000000041e-01 6.241999999999999771e-01
2.063300000000000134e-01 6.218299999999999939e-01
2.081999999999999962e-01 6.199400000000000466e-01
2.100100000000000022e-01 6.181799999999999518e-01
2.120100000000000040e-01 6.159099999999999575e-01
2.138500000000000123e-01 6.132499999999999618e-01
2.157399999999999873e-01 6.109799999999999676e-01
2.176500000000000101e-01 6.088000000000000078e-01
2.195300000000000029e-01 6.068000000000000060e-01
2.215100000000000124e-01 6.042999999999999483e-01
2.233999999999999875e-01 6.019999999999999796e-01
2.253900000000000070e-01 5.996899999999999453e-01
2.273300000000000043e-01 5.975300000000000056e-01
2.293000000000000038e-01 5.951899999999999968e-01
2.312800000000000133e-01 5.929400000000000226e-01
2.332899999999999974e-01 5.906500000000000083e-01
2.353300000000000114e-01 5.883800000000000141e-01
2.373099999999999932e-01 5.859999999999999654e-01
2.393399999999999972e-01 5.836900000000000421e-01
2.413899999999999935e-01 5.813599999999999879e-01
2.434800000000000020e-01 5.789499999999999647e-01
2.455400000000000083e-01 5.765700000000000269e-01
2.475900000000000045e-01 5.742000000000000437e-01
2.497199999999999975e-01 5.717600000000000460e-01
2.518400000000000083e-01 5.693000000000000282e-01
2.539500000000000091e-01 5.669699999999999740e-01
2.560899999999999843e-01 5.645099999999999563e-01
2.582300000000000151e-01 5.620600000000000041e-01
2.603900000000000103e-01 5.597199999999999953e-01
2.625799999999999801e-01 5.571300000000000141e-01
2.647800000000000153e-01 5.546699999999999964e-01
2.669900000000000051e-01 5.521099999999999897e-01
2.692300000000000249e-01 5.496900000000000119e-01
2.714799999999999991e-01 5.471399999999999597e-01
2.737700000000000133e-01 5.445600000000000440e-01
2.760699999999999821e-01 5.420000000000000373e-01
2.783900000000000263e-01 5.393499999999999961e-01
2.807200000000000251e-01 5.367899999999999894e-01
2.830599999999999783e-01 5.341900000000000537e-01
2.853899999999999770e-01 5.314900000000000180e-01
2.877700000000000258e-01 5.288699999999999513e-01
2.901500000000000190e-01 5.261400000000000521e-01
2.925800000000000067e-01 5.234299999999999509e-01
2.949800000000000200e-01 5.205199999999999827e-01
2.974200000000000177e-01 5.177500000000000435e-01
2.998100000000000209e-01 5.148700000000000498e-01
3.022900000000000031e-01 5.120000000000000107e-01
3.047000000000000264e-01 5.091700000000000115e-01
3.071599999999999886e-01 5.061999999999999833e-01
3.096300000000000163e-01 5.034300000000000441e-01
3.120800000000000241e-01 5.004499999999999504e-01
3.145999999999999908e-01 4.974999999999999978e-01
3.170999999999999930e-01 4.945499999999999896e-01
3.195799999999999752e-01 4.916499999999999759e-01
3.220700000000000229e-01 4.886199999999999988e-01
3.246200000000000196e-01 4.856900000000000106e-01
3.271399999999999864e-01 4.826699999999999879e-01
3.296899999999999831e-01 4.797399999999999998e-01
3.322300000000000253e-01 4.767700000000000271e-01
3.347899999999999765e-01 4.737600000000000144e-01
3.373499999999999832e-01 4.707100000000000173e-01
3.399400000000000199e-01 4.677499999999999991e-01
3.425099999999999811e-01 4.647999999999999909e-01
3.450799999999999979e-01 4.617399999999999838e-01
3.476799999999999891e-01 4.586399999999999921e-01
3.503000000000000003e-01 4.556399999999999895e-01
3.528899999999999815e-01 4.525799999999999823e-01
3.554999999999999827e-01 4.495100000000000207e-01
3.581400000000000139e-01 4.465500000000000025e-01
3.607400000000000051e-01 4.434299999999999908e-01
3.633700000000000263e-01 4.403500000000000192e-01
3.659999999999999920e-01 4.373000000000000220e-01
3.686400000000000232e-01 4.342500000000000249e-01
3.712699999999999889e-01 4.311800000000000077e-01
3.738500000000000156e-01 4.281099999999999905e-01
3.764500000000000068e-01 4.251499999999999724e-01
3.790999999999999925e-01 4.220700000000000007e-01
3.816899999999999737e-01 4.190699999999999981e-01
3.843199999999999950e-01 4.159999999999999809e-01
3.869199999999999862e-01 4.129999999999999782e-01
3.895500000000000074e-01 4.099700000000000011e-01
3.921799999999999731e-01 4.069400000000000239e-01
3.948200000000000043e-01 4.039099999999999913e-01
3.974400000000000155e-01 4.008700000000000041e-01
4.001199999999999757e-01 3.979300000000000059e-01
4.027600000000000069e-01 3.948999999999999733e-01
4.053499999999999881e-01 3.919099999999999806e-01
4.080099999999999838e-01 3.889299999999999979e-01
4.106699999999999795e-01 3.859000000000000208e-01
4.133499999999999952e-01 3.829500000000000126e-01
4.160300000000000109e-01 3.799600000000000199e-01
4.187100000000000266e-01 3.770800000000000263e-01
4.213199999999999723e-01 3.740999999999999881e-01
4.239899999999999780e-01 3.711300000000000154e-01
4.266900000000000137e-01 3.681599999999999873e-01
4.294100000000000139e-01 3.652400000000000091e-01
4.321900000000000186e-01 3.622900000000000009e-01
4.348400000000000043e-01 3.593100000000000183e-01
4.374899999999999900e-01 3.564100000000000046e-01
4.401599999999999957e-01 3.534800000000000164e-01
4.428099999999999814e-01 3.505400000000000182e-01
4.454099999999999726e-01 3.475699999999999901e-01
4.480100000000000193e-01 3.446600000000000219e-01
4.505799999999999805e-01 3.417100000000000137e-01
4.531600000000000072e-01 3.387499999999999956e-01
4.556799999999999740e-01 3.359099999999999864e-01
4.582100000000000062e-01 3.328599999999999892e-01
4.607100000000000084e-01 3.298599999999999866e-01
4.631000000000000116e-01 3.269000000000000239e-01
4.655199999999999894e-01 3.239500000000000157e-01
4.679800000000000071e-01 3.208199999999999941e-01
4.705799999999999983e-01 3.177200000000000024e-01
4.735800000000000010e-01 3.148299999999999987e-01
4.767299999999999871e-01 3.118400000000000061e-01
4.797699999999999743e-01 3.084500000000000020e-01
4.830499999999999794e-01 3.057400000000000118e-01
4.866900000000000115e-01 3.027400000000000091e-01
4.903299999999999881e-01 2.995300000000000185e-01
4.937400000000000122e-01 2.962500000000000133e-01
4.970700000000000118e-01 2.933100000000000152e-01
5.005800000000000249e-01 2.903100000000000125e-01
5.040099999999999580e-01 2.871299999999999963e-01
5.069200000000000372e-01 2.839700000000000002e-01
5.097599999999999909e-01 2.808899999999999730e-01
5.124600000000000266e-01 2.777899999999999814e-01
5.152999999999999803e-01 2.744300000000000073e-01
5.181599999999999540e-01 2.711500000000000021e-01
5.208800000000000097e-01 2.682200000000000140e-01
5.237800000000000233e-01 2.651499999999999968e-01
5.266199999999999770e-01 2.622399999999999731e-01
5.294299999999999562e-01 2.589299999999999935e-01
5.321399999999999464e-01 2.559000000000000163e-01
5.347699999999999676e-01 2.530100000000000127e-01
5.375299999999999523e-01 2.499200000000000033e-01
5.401599999999999735e-01 2.469399999999999928e-01
5.427999999999999492e-01 2.441200000000000037e-01
5.455400000000000249e-01 2.410799999999999887e-01
5.482299999999999951e-01 2.381600000000000106e-01
5.509600000000000053e-01 2.350299999999999889e-01
5.536400000000000210e-01 2.321100000000000108e-01
5.563500000000000112e-01 2.290500000000000036e-01
5.590199999999999614e-01 2.262699999999999989e-01
5.617999999999999661e-01 2.233700000000000130e-01
5.644799999999999818e-01 2.207999999999999963e-01
5.672099999999999920e-01 2.180100000000000093e-01
5.699899999999999967e-01 2.151899999999999924e-01
5.726599999999999469e-01 2.126399999999999957e-01
5.754399999999999515e-01 2.098299999999999887e-01
5.781399999999999872e-01 2.073299999999999865e-01
5.808699999999999974e-01 2.045700000000000018e-01
5.835799999999999876e-01 2.022599999999999953e-01
5.863699999999999468e-01 1.995000000000000107e-01
5.891300000000000425e-01 1.970800000000000052e-01
5.919200000000000017e-01 1.944299999999999917e-01
5.946500000000000119e-01 1.921499999999999875e-01
5.973600000000000021e-01 1.897399999999999920e-01
6.000999999999999668e-01 1.874099999999999933e-01
6.028999999999999915e-01 1.848599999999999965e-01
6.057000000000000162e-01 1.826099999999999945e-01
6.084500000000000464e-01 1.803599999999999925e-01
6.111699999999999910e-01 1.781699999999999950e-01
6.138500000000000068e-01 1.758599999999999886e-01
6.165000000000000480e-01 1.738000000000000100e-01
6.191600000000000437e-01 1.715800000000000103e-01
6.217599999999999794e-01 1.695699999999999985e-01
6.242999999999999661e-01 1.674799999999999900e-01
6.268700000000000383e-01 1.653900000000000092e-01
6.295100000000000140e-01 1.633100000000000107e-01
6.321299999999999697e-01 1.613400000000000112e-01
6.347000000000000419e-01 1.592399999999999927e-01
6.373600000000000376e-01 1.572699999999999931e-01
6.400700000000000278e-01 1.552099999999999869e-01
6.427800000000000180e-01 1.532600000000000073e-01
6.454900000000000082e-01 1.512600000000000056e-01
6.481500000000000039e-01 1.493299999999999905e-01
6.507300000000000306e-01 1.473800000000000110e-01
6.533299999999999663e-01 1.454600000000000060e-01
6.559899999999999620e-01 1.435099999999999987e-01
6.586400000000000032e-01 1.415700000000000014e-01
6.612099999999999644e-01 1.396799999999999986e-01
6.637899999999999912e-01 1.377700000000000036e-01
6.664499999999999869e-01 1.358300000000000063e-01
6.690800000000000081e-01 1.339500000000000135e-01
6.716400000000000148e-01 1.320800000000000030e-01
6.741700000000000470e-01 1.302000000000000102e-01
6.767199999999999882e-01 1.283799999999999941e-01
6.792700000000000404e-01 1.265100000000000113e-01
6.817900000000000071e-01 1.246799999999999992e-01
6.843099999999999739e-01 1.228800000000000031e-01
6.867900000000000116e-01 1.210699999999999971e-01
6.892599999999999838e-01 1.193499999999999978e-01
6.916999999999999815e-01 1.175900000000000001e-01
6.941300000000000248e-01 1.157900000000000040e-01
6.965200000000000280e-01 1.141699999999999937e-01
6.988900000000000112e-01 1.124399999999999983e-01
7.011899999999999800e-01 1.107500000000000012e-01
7.034700000000000397e-01 1.091099999999999987e-01
7.057900000000000285e-01 1.074200000000000016e-01
7.080999999999999517e-01 1.058000000000000052e-01
7.103800000000000114e-01 1.041600000000000026e-01
7.126200000000000312e-01 1.026200000000000029e-01
7.148200000000000109e-01 1.010000000000000064e-01
7.169900000000000162e-01 9.951000000000000123e-02
7.191100000000000270e-01 9.797999999999999765e-02
7.211899999999999977e-01 9.650000000000000244e-02
7.233000000000000540e-01 9.501999999999999336e-02
7.254099999999999993e-01 9.364000000000000101e-02
7.274000000000000465e-01 9.218999999999999417e-02
7.293199999999999683e-01 9.077999999999999958e-02
7.312800000000000411e-01 8.941000000000000336e-02
7.332600000000000229e-01 8.815000000000000613e-02
7.352199999999999847e-01 8.679000000000000603e-02
7.371699999999999919e-01 8.537000000000000144e-02
7.390999999999999792e-01 8.412000000000000033e-02
7.410200000000000120e-01 8.284999999999999309e-02
7.429299999999999793e-01 8.157000000000000361e-02
7.448399999999999466e-01 8.032000000000000250e-02
7.467300000000000049e-01 7.910000000000000364e-02
7.485899999999999777e-01 7.792999999999999927e-02
7.503900000000000015e-01 7.681000000000000327e-02
7.521400000000000308e-01 7.560999999999999666e-02
7.538899999999999491e-01 7.448000000000000453e-02
7.556500000000000439e-01 7.338000000000000078e-02
7.574199999999999822e-01 7.231999999999999540e-02
7.592200000000000060e-01 7.123999999999999777e-02
7.609200000000000408e-01 7.020999999999999464e-02
7.624900000000000011e-01 6.915999999999999925e-02
7.640700000000000269e-01 6.821000000000000674e-02
7.656800000000000272e-01 6.715999999999999748e-02
7.673200000000000021e-01 6.625000000000000333e-02
7.689799999999999969e-01 6.529000000000000081e-02
7.706199999999999717e-01 6.436000000000000054e-02
7.721900000000000430e-01 6.343000000000000027e-02
7.737399999999999833e-01 6.259000000000000674e-02
7.752700000000000147e-01 6.174999999999999933e-02
7.767899999999999805e-01 6.090999999999999887e-02
7.783099999999999463e-01 6.003000000000000003e-02
7.798100000000000032e-01 5.926000000000000018e-02
7.812799999999999745e-01 5.849000000000000032e-02
7.827100000000000168e-01 5.773999999999999966e-02
7.840899999999999537e-01 5.702000000000000124e-02
7.854499999999999815e-01 5.630000000000000282e-02
7.868199999999999639e-01 5.557000000000000134e-02
7.881899999999999462e-01 5.487999999999999823e-02
7.896199999999999886e-01 5.426000000000000267e-02
7.909899999999999709e-01 5.365000000000000324e-02
7.921799999999999953e-01 5.301000000000000156e-02
7.933200000000000252e-01 5.242000000000000132e-02
7.945100000000000495e-01 5.188999999999999863e-02
7.956999999999999629e-01 5.131999999999999756e-02
7.968600000000000128e-01 5.081999999999999712e-02
7.980099999999999971e-01 5.031000000000000055e-02
7.991700000000000470e-01 4.981000000000000011e-02
8.003299999999999859e-01 4.929999999999999660e-02
8.014700000000000157e-01 4.882000000000000228e-02
8.026100000000000456e-01 4.836000000000000021e-02
8.037199999999999900e-01 4.789000000000000201e-02
8.047999999999999599e-01 4.748999999999999749e-02
8.058400000000000007e-01 4.705999999999999767e-02
8.068699999999999761e-01 4.666000000000000009e-02
8.078899999999999970e-01 4.632000000000000006e-02
8.089199999999999724e-01 4.599000000000000310e-02
8.099699999999999678e-01 4.562999999999999695e-02
8.110199999999999632e-01 4.531999999999999917e-02
8.120500000000000496e-01 4.499999999999999833e-02
8.130500000000000504e-01 4.465000000000000219e-02
8.139899999999999913e-01 4.433000000000000135e-02
8.148699999999999832e-01 4.406999999999999806e-02
8.157600000000000406e-01 4.381000000000000172e-02
8.166499999999999870e-01 4.358000000000000068e-02
8.175400000000000444e-01 4.334999999999999964e-02
8.184399999999999453e-01 4.313000000000000167e-02
8.193799999999999972e-01 4.291999999999999982e-02
8.203500000000000236e-01 4.275999999999999940e-02
8.212199999999999500e-01 4.256999999999999673e-02
8.219999999999999529e-01 4.241000000000000325e-02
8.227799999999999558e-01 4.225999999999999895e-02
8.235700000000000243e-01 4.213000000000000078e-02
8.243599999999999817e-01 4.202000000000000179e-02
8.251600000000000046e-01 4.188999999999999668e-02
8.259400000000000075e-01 4.179999999999999688e-02
8.266999999999999904e-01 4.173999999999999932e-02
8.274500000000000188e-01 4.166000000000000258e-02
8.282100000000000017e-01 4.159000000000000197e-02
8.289499999999999647e-01 4.152999999999999747e-02
8.296799999999999731e-01 4.148999999999999910e-02
8.303899999999999615e-01 4.148999999999999910e-02
8.310800000000000409e-01 4.148000000000000298e-02
8.317400000000000349e-01 4.146999999999999992e-02
8.323500000000000343e-01 4.146999999999999992e-02
8.329699999999999882e-01 4.148000000000000298e-02
8.336200000000000276e-01 4.150999999999999829e-02
8.342199999999999616e-01 4.154999999999999666e-02
8.347400000000000375e-01 4.161999999999999728e-02
8.352899999999999769e-01 4.168000000000000177e-02
8.358900000000000219e-01 4.175000000000000239e-02
8.365200000000000413e-01 4.184000000000000219e-02
8.372100000000000097e-01 4.195000000000000118e-02
8.377999999999999892e-01 4.204999999999999710e-02
8.381600000000000161e-01 4.211999999999999772e-02
8.386000000000000121e-01 4.222999999999999671e-02
8.395000000000000240e-01 4.240000000000000019e-02
8.400300000000000544e-01 4.247000000000000081e-02
8.393599999999999950e-01 4.234000000000000263e-02
8.387299999999999756e-01 4.227000000000000202e-02
8.390800000000000480e-01 4.236000000000000182e-02
8.396900000000000475e-01 4.248999999999999999e-02
8.402100000000000124e-01 4.261000000000000204e-02
8.407599999999999518e-01 4.275999999999999940e-02
8.413800000000000168e-01 4.293000000000000288e-02
8.419400000000000217e-01 4.311000000000000248e-02
8.422199999999999687e-01 4.327000000000000290e-02
8.424700000000000522e-01 4.343999999999999945e-02
8.430800000000000516e-01 4.358999999999999680e-02
8.437599999999999545e-01 4.376000000000000029e-02
8.441100000000000270e-01 4.397000000000000214e-02
8.443699999999999539e-01 4.419000000000000011e-02
8.448499999999999899e-01 4.440999999999999809e-02
8.453600000000000003e-01 4.461999999999999994e-02
8.456099999999999728e-01 4.479999999999999954e-02
8.457599999999999563e-01 4.497999999999999915e-02
8.461600000000000232e-01 4.519999999999999712e-02
8.466700000000000337e-01 4.542999999999999816e-02
8.469700000000000006e-01 4.569000000000000145e-02
8.471800000000000441e-01 4.596000000000000085e-02
8.475000000000000311e-01 4.619999999999999801e-02
8.478799999999999670e-01 4.644999999999999823e-02
8.482199999999999740e-01 4.673999999999999683e-02
8.485599999999999810e-01 4.703999999999999848e-02
8.488999999999999879e-01 4.732000000000000095e-02
8.492199999999999749e-01 4.759000000000000036e-02
8.495300000000000074e-01 4.784000000000000058e-02
8.498200000000000198e-01 4.807999999999999774e-02
8.501300000000000523e-01 4.834999999999999715e-02
8.504500000000000393e-01 4.861999999999999655e-02
8.507099999999999662e-01 4.891000000000000208e-02
8.509299999999999642e-01 4.920999999999999680e-02
8.512199999999999767e-01 4.948999999999999927e-02
8.515899999999999581e-01 4.975999999999999868e-02
8.517700000000000271e-01 5.004000000000000115e-02
8.517700000000000271e-01 5.031000000000000055e-02
8.518700000000000161e-01 5.063000000000000139e-02
8.520799999999999486e-01 5.097000000000000142e-02
8.523399999999999865e-01 5.127000000000000307e-02
8.526599999999999735e-01 5.154000000000000248e-02
8.529499999999999860e-01 5.183999999999999719e-02
8.532100000000000239e-01 5.219000000000000028e-02
8.533600000000000074e-01 5.253000000000000030e-02
8.533399999999999874e-01 5.287000000000000033e-02
8.534399999999999764e-01 5.315000000000000280e-02
8.537200000000000344e-01 5.338999999999999996e-02
8.539999999999999813e-01 5.367999999999999855e-02
8.542499999999999538e-01 5.403000000000000164e-02
8.544000000000000483e-01 5.437999999999999778e-02
8.543699999999999628e-01 5.473999999999999699e-02
8.543699999999999628e-01 5.507000000000000089e-02
8.544800000000000173e-01 5.535999999999999949e-02
8.546300000000000008e-01 5.566999999999999726e-02
8.548499999999999988e-01 5.600999999999999729e-02
8.549999999999999822e-01 5.636000000000000038e-02
8.549700000000000077e-01 5.671999999999999958e-02
8.549900000000000277e-01 5.704999999999999655e-02
8.552800000000000402e-01 5.734000000000000208e-02
8.555199999999999472e-01 5.764999999999999986e-02
8.554500000000000437e-01 5.800000000000000294e-02
8.553899999999999837e-01 5.834000000000000297e-02
8.556000000000000272e-01 5.863000000000000156e-02
8.558000000000000052e-01 5.893999999999999934e-02
8.557399999999999451e-01 5.927999999999999936e-02
8.556599999999999762e-01 5.961999999999999938e-02
8.558599999999999541e-01 5.994000000000000022e-02
8.560799999999999521e-01 6.024999999999999800e-02
8.560900000000000176e-01 6.056999999999999884e-02
8.560600000000000431e-01 6.087999999999999662e-02
8.561600000000000321e-01 6.119999999999999746e-02
8.562999999999999501e-01 6.151999999999999830e-02
8.564000000000000501e-01 6.183999999999999914e-02
8.564699999999999536e-01 6.215999999999999998e-02
8.564699999999999536e-01 6.244999999999999857e-02
8.564300000000000246e-01 6.274000000000000410e-02
8.564699999999999536e-01 6.306000000000000494e-02
8.565300000000000136e-01 6.339000000000000190e-02
8.564899999999999736e-01 6.364000000000000212e-02
8.564199999999999591e-01 6.390999999999999459e-02
8.564800000000000191e-01 6.426999999999999380e-02
8.566200000000000481e-01 6.464999999999999913e-02
8.567200000000000371e-01 6.493999999999999773e-02
8.567700000000000315e-01 6.518999999999999795e-02
8.567000000000000171e-01 6.547999999999999654e-02
8.565500000000000336e-01 6.579000000000000126e-02
8.564699999999999536e-01 6.610000000000000597e-02
8.564599999999999991e-01 6.642000000000000681e-02
8.565300000000000136e-01 6.669999999999999540e-02
8.566799999999999971e-01 6.696000000000000563e-02
8.567000000000000171e-01 6.726000000000000034e-02
8.566200000000000481e-01 6.757000000000000506e-02
8.567200000000000371e-01 6.789000000000000590e-02
8.569499999999999895e-01 6.819999999999999674e-02
8.569700000000000095e-01 6.847999999999999921e-02
8.567799999999999860e-01 6.875000000000000555e-02
8.566799999999999971e-01 6.904000000000000414e-02
8.566799999999999971e-01 6.933999999999999886e-02
8.567700000000000315e-01 6.962000000000000133e-02
8.569600000000000550e-01 6.987999999999999767e-02
8.570100000000000495e-01 7.015000000000000402e-02
8.568700000000000205e-01 7.041999999999999649e-02
8.567700000000000315e-01 7.065000000000000446e-02
8.567200000000000371e-01 7.083000000000000407e-02
8.566799999999999971e-01 7.105000000000000204e-02
8.566300000000000026e-01 7.130000000000000226e-02
8.566700000000000426e-01 7.159999999999999698e-02
8.568299999999999805e-01 7.195000000000000007e-02
8.568900000000000405e-01 7.220000000000000029e-02
8.567799999999999860e-01 7.234999999999999765e-02
8.567200000000000371e-01 7.253999999999999337e-02
8.568299999999999805e-01 7.280000000000000360e-02
8.569099999999999495e-01 7.302999999999999770e-02
8.568700000000000205e-01 7.323000000000000342e-02
8.568500000000000005e-01 7.348000000000000365e-02
8.568500000000000005e-01 7.380000000000000449e-02
8.569299999999999695e-01 7.407999999999999308e-02
8.571800000000000530e-01 7.428999999999999493e-02
8.573600000000000110e-01 7.448000000000000453e-02
8.572800000000000420e-01 7.467000000000000026e-02
8.571299999999999475e-01 7.485999999999999599e-02
8.568999999999999950e-01 7.509000000000000397e-02
8.568099999999999605e-01 7.531000000000000194e-02
8.571699999999999875e-01 7.552999999999999992e-02
8.575199999999999489e-01 7.573000000000000564e-02
8.574699999999999545e-01 7.589999999999999525e-02
8.573399999999999910e-01 7.607999999999999485e-02
8.573499999999999455e-01 7.628999999999999670e-02
8.574000000000000510e-01 7.649999999999999856e-02
8.574899999999999745e-01 7.667000000000000204e-02
8.575800000000000090e-01 7.684000000000000552e-02
8.576300000000000034e-01 7.704999999999999349e-02
8.576799999999999979e-01 7.725999999999999535e-02
8.578700000000000214e-01 7.742999999999999883e-02
8.580699999999999994e-01 7.759000000000000619e-02
8.580999999999999739e-01 7.772999999999999354e-02
8.580499999999999794e-01 7.789000000000000090e-02
8.579799999999999649e-01 7.810999999999999888e-02
8.579400000000000359e-01 7.832999999999999685e-02
8.580600000000000449e-01 7.847999999999999421e-02
8.582999999999999519e-01 7.860999999999999932e-02
8.585300000000000153e-01 7.878000000000000280e-02
8.587500000000000133e-01 7.896999999999999853e-02
8.588400000000000478e-01 7.914999999999999813e-02
8.588599999999999568e-01 7.932000000000000162e-02
8.589400000000000368e-01 7.940999999999999448e-02
8.590400000000000258e-01 7.947999999999999510e-02
8.590700000000000003e-01 7.964999999999999858e-02
8.590600000000000458e-01 7.983999999999999431e-02
8.591900000000000093e-01 8.000000000000000167e-02
8.594399999999999817e-01 8.014000000000000290e-02
8.596000000000000307e-01 8.025999999999999801e-02
8.596899999999999542e-01 8.037999999999999312e-02
8.597200000000000397e-01 8.046999999999999986e-02
8.597000000000000197e-01 8.056000000000000660e-02
8.598900000000000432e-01 8.062999999999999334e-02
8.602899999999999991e-01 8.071000000000000396e-02
8.605199999999999516e-01 8.083999999999999519e-02
8.605800000000000116e-01 8.100999999999999868e-02
8.606300000000000061e-01 8.115999999999999603e-02
8.606599999999999806e-01 8.126999999999999502e-02
8.608299999999999841e-01 8.137999999999999401e-02
8.611600000000000366e-01 8.147000000000000075e-02
8.613800000000000345e-01 8.157999999999999974e-02
8.614399999999999835e-01 8.168999999999999873e-02
8.614899999999999780e-01 8.178000000000000547e-02
8.615500000000000380e-01 8.183999999999999608e-02
8.616800000000000015e-01 8.190999999999999670e-02
8.619400000000000395e-01 8.198999999999999344e-02
8.621499999999999719e-01 8.205999999999999406e-02
8.622499999999999609e-01 8.212999999999999468e-02
8.623699999999999699e-01 8.218999999999999917e-02
8.625500000000000389e-01 8.222999999999999754e-02
8.627000000000000224e-01 8.228000000000000591e-02
8.627599999999999714e-01 8.233000000000000040e-02
8.628799999999999804e-01 8.239000000000000490e-02
8.631199999999999983e-01 8.244999999999999551e-02
8.633899999999999908e-01 8.250000000000000389e-02
8.637000000000000233e-01 8.254999999999999838e-02
8.639400000000000412e-01 8.261000000000000287e-02
8.640299999999999647e-01 8.268999999999999961e-02
8.640900000000000247e-01 8.275000000000000411e-02
8.641499999999999737e-01 8.278000000000000635e-02
8.642699999999999827e-01 8.279999999999999860e-02
8.645699999999999497e-01 8.283999999999999697e-02
8.648799999999999821e-01 8.286000000000000310e-02
8.650499999999999856e-01 8.284999999999999309e-02
8.651999999999999691e-01 8.283999999999999697e-02
8.654300000000000326e-01 8.283000000000000085e-02
8.656399999999999650e-01 8.283000000000000085e-02
8.657299999999999995e-01 8.283000000000000085e-02
8.657700000000000395e-01 8.283000000000000085e-02
8.657899999999999485e-01 8.280999999999999472e-02
8.658700000000000285e-01 8.280999999999999472e-02
8.662800000000000500e-01 8.286000000000000310e-02
8.667599999999999749e-01 8.290000000000000147e-02
8.668599999999999639e-01 8.290000000000000147e-02
8.668000000000000149e-01 8.287999999999999534e-02
8.668599999999999639e-01 8.286999999999999922e-02
8.669900000000000384e-01 8.284999999999999309e-02
8.672400000000000109e-01 8.282000000000000473e-02
8.675399999999999778e-01 8.279000000000000248e-02
8.677300000000000013e-01 8.282000000000000473e-02
8.678500000000000103e-01 8.284999999999999309e-02
8.680200000000000138e-01 8.286000000000000310e-02
8.682199999999999918e-01 8.284999999999999309e-02
8.684500000000000552e-01 8.287999999999999534e-02
8.687099999999999822e-01 8.291999999999999371e-02
8.688900000000000512e-01 8.294999999999999596e-02
8.690099999999999492e-01 8.296000000000000596e-02
8.691200000000000037e-01 8.293000000000000371e-02
8.692199999999999926e-01 8.287999999999999534e-02
8.694199999999999706e-01 8.286000000000000310e-02
8.697099999999999831e-01 8.286000000000000310e-02
8.699400000000000466e-01 8.284999999999999309e-02
8.701100000000000501e-01 8.283999999999999697e-02
8.703199999999999825e-01 8.280999999999999472e-02
8.705699999999999550e-01 8.276999999999999635e-02
8.708599999999999675e-01 8.273999999999999411e-02
8.711999999999999744e-01 8.271000000000000574e-02
8.713800000000000434e-01 8.262999999999999512e-02
8.713999999999999524e-01 8.251999999999999613e-02
8.714899999999999869e-01 8.246000000000000552e-02
8.716899999999999649e-01 8.243999999999999939e-02
8.719400000000000484e-01 8.240000000000000102e-02
8.722499999999999698e-01 8.233999999999999653e-02
8.724699999999999678e-01 8.228000000000000591e-02
8.725600000000000023e-01 8.222999999999999754e-02
8.727200000000000513e-01 8.218999999999999917e-02
8.730499999999999927e-01 8.215999999999999692e-02
8.732900000000000107e-01 8.205999999999999406e-02
8.733499999999999597e-01 8.190000000000000058e-02
8.734399999999999942e-01 8.180999999999999384e-02
8.736300000000000177e-01 8.179000000000000159e-02
8.738500000000000156e-01 8.176999999999999547e-02
8.740999999999999881e-01 8.171000000000000485e-02
8.743199999999999861e-01 8.164000000000000423e-02
8.744199999999999751e-01 8.154000000000000137e-02
8.745899999999999785e-01 8.146000000000000463e-02
8.750000000000000000e-01 8.143000000000000238e-02
8.753499999999999615e-01 8.136000000000000176e-02
8.754199999999999759e-01 8.122000000000000053e-02
8.754999999999999449e-01 8.111000000000000154e-02
8.757599999999999829e-01 8.104000000000000092e-02
8.760200000000000209e-01 8.097999999999999643e-02
8.761499999999999844e-01 8.092000000000000581e-02
8.762600000000000389e-01 8.085000000000000520e-02
8.763800000000000479e-01 8.072999999999999621e-02
8.765500000000000513e-01 8.061999999999999722e-02
8.768200000000000438e-01 8.057000000000000273e-02
8.770999999999999908e-01 8.050999999999999823e-02
8.772999999999999687e-01 8.039999999999999925e-02
8.774699999999999722e-01 8.029000000000000026e-02
8.776300000000000212e-01 8.018000000000000127e-02
8.777800000000000047e-01 8.008999999999999453e-02
8.778700000000000392e-01 8.003000000000000391e-02
8.779799999999999827e-01 7.996999999999999942e-02
8.782699999999999951e-01 7.989999999999999880e-02
8.786199999999999566e-01 7.982000000000000206e-02
8.787500000000000311e-01 7.969999999999999307e-02
8.788000000000000256e-01 7.957000000000000184e-02
8.789799999999999836e-01 7.949000000000000510e-02
8.792200000000000015e-01 7.940999999999999448e-02
8.794600000000000195e-01 7.931000000000000549e-02
8.796899999999999720e-01 7.921000000000000263e-02
8.798200000000000465e-01 7.910000000000000364e-02
8.798799999999999955e-01 7.900000000000000078e-02
8.799900000000000500e-01 7.890999999999999404e-02
8.801499999999999879e-01 7.882000000000000117e-02
8.804199999999999804e-01 7.875000000000000056e-02
8.807599999999999874e-01 7.867999999999999994e-02
8.809399999999999453e-01 7.854999999999999483e-02
8.810000000000000053e-01 7.839000000000000135e-02
8.811700000000000088e-01 7.828999999999999848e-02
8.814100000000000268e-01 7.821000000000000174e-02
8.815800000000000303e-01 7.811999999999999500e-02
8.817000000000000393e-01 7.802000000000000601e-02
8.818500000000000227e-01 7.792000000000000315e-02
8.820200000000000262e-01 7.782000000000000028e-02
8.822100000000000497e-01 7.771999999999999742e-02
8.823999999999999622e-01 7.761999999999999456e-02
8.825199999999999712e-01 7.753999999999999782e-02
8.825499999999999456e-01 7.746999999999999720e-02
8.827500000000000346e-01 7.736999999999999433e-02
8.831700000000000106e-01 7.724999999999999922e-02
8.835100000000000176e-01 7.714999999999999636e-02
8.837500000000000355e-01 7.706999999999999962e-02
8.838799999999999990e-01 7.698000000000000675e-02
8.838799999999999990e-01 7.688000000000000389e-02
8.839200000000000390e-01 7.678000000000000103e-02
8.840400000000000480e-01 7.667999999999999816e-02
8.841999999999999860e-01 7.657999999999999530e-02
8.843900000000000095e-01 7.646000000000000019e-02
8.845699999999999674e-01 7.638999999999999957e-02
8.847000000000000419e-01 7.635000000000000120e-02
8.848700000000000454e-01 7.627000000000000446e-02
8.851499999999999924e-01 7.613999999999999935e-02
8.853699999999999903e-01 7.602000000000000424e-02
8.854199999999999848e-01 7.593999999999999362e-02
8.854899999999999993e-01 7.588000000000000300e-02
8.856600000000000028e-01 7.585999999999999688e-02
8.858399999999999608e-01 7.580000000000000626e-02
8.859799999999999898e-01 7.566000000000000503e-02
8.860999999999999988e-01 7.553999999999999604e-02
8.862400000000000277e-01 7.545999999999999930e-02
8.863699999999999912e-01 7.538000000000000256e-02
8.864600000000000257e-01 7.531000000000000194e-02
8.865600000000000147e-01 7.524999999999999745e-02
8.867399999999999727e-01 7.520000000000000295e-02
8.869099999999999762e-01 7.514999999999999458e-02
8.870099999999999651e-01 7.509000000000000397e-02
8.870799999999999796e-01 7.502000000000000335e-02
8.871599999999999486e-01 7.492000000000000048e-02
8.872299999999999631e-01 7.482999999999999374e-02
8.873299999999999521e-01 7.478999999999999537e-02
8.874400000000000066e-01 7.474000000000000088e-02
8.875899999999999901e-01 7.467000000000000026e-02
8.877699999999999481e-01 7.459000000000000352e-02
8.879599999999999715e-01 7.452000000000000290e-02
8.881400000000000405e-01 7.446999999999999453e-02
8.882100000000000550e-01 7.441000000000000392e-02
8.882299999999999640e-01 7.435999999999999555e-02
8.883199999999999985e-01 7.432999999999999330e-02
8.884300000000000530e-01 7.431000000000000105e-02
8.883600000000000385e-01 7.427000000000000268e-02
8.882499999999999840e-01 7.421999999999999431e-02
8.884400000000000075e-01 7.416999999999999982e-02
8.888000000000000345e-01 7.410999999999999532e-02
8.890400000000000524e-01 7.406000000000000083e-02
8.891700000000000159e-01 7.402999999999999858e-02
8.891400000000000414e-01 7.399999999999999634e-02
8.889899999999999469e-01 7.398000000000000409e-02
8.890299999999999869e-01 7.394000000000000572e-02
8.892099999999999449e-01 7.388999999999999735e-02
8.893100000000000449e-01 7.385999999999999510e-02
8.893699999999999939e-01 7.384000000000000286e-02
8.894600000000000284e-01 7.381000000000000061e-02
8.895999999999999464e-01 7.378999999999999448e-02
8.897199999999999553e-01 7.377000000000000224e-02
8.898500000000000298e-01 7.374999999999999611e-02
8.899000000000000243e-01 7.373000000000000387e-02
8.898800000000000043e-01 7.370000000000000162e-02
8.899599999999999733e-01 7.369000000000000550e-02
8.901499999999999968e-01 7.367999999999999550e-02
8.902299999999999658e-01 7.369000000000000550e-02
8.901499999999999968e-01 7.370000000000000162e-02
8.901099999999999568e-01 7.369000000000000550e-02
8.901400000000000423e-01 7.364999999999999325e-02
8.901900000000000368e-01 7.363999999999999713e-02
8.902700000000000058e-01 7.366000000000000325e-02
8.903400000000000203e-01 7.366999999999999937e-02
8.904199999999999893e-01 7.366000000000000325e-02
8.904800000000000493e-01 7.367999999999999550e-02
8.905100000000000238e-01 7.373999999999999999e-02
8.905100000000000238e-01 7.377999999999999836e-02
8.904900000000000038e-01 7.377000000000000224e-02
8.904800000000000493e-01 7.380000000000000449e-02
8.904699999999999838e-01 7.384999999999999898e-02
8.904999999999999583e-01 7.388999999999999735e-02
8.906199999999999672e-01 7.391000000000000347e-02
8.906699999999999617e-01 7.391999999999999960e-02
8.904999999999999583e-01 7.391000000000000347e-02
8.903999999999999693e-01 7.392999999999999572e-02
8.905999999999999472e-01 7.401000000000000634e-02
8.907699999999999507e-01 7.407999999999999308e-02
8.907500000000000417e-01 7.413000000000000145e-02
8.906800000000000272e-01 7.417999999999999594e-02
8.906600000000000072e-01 7.423000000000000431e-02
8.906300000000000328e-01 7.428999999999999493e-02
8.905100000000000238e-01 7.434999999999999942e-02
8.903999999999999693e-01 7.442999999999999616e-02
8.904499999999999638e-01 7.453999999999999515e-02
8.905499999999999527e-01 7.463999999999999801e-02
8.905999999999999472e-01 7.470000000000000251e-02
8.906100000000000128e-01 7.474000000000000088e-02
8.904999999999999583e-01 7.480000000000000537e-02
8.903499999999999748e-01 7.488000000000000211e-02
8.902900000000000258e-01 7.499999999999999722e-02
8.902799999999999603e-01 7.510000000000000009e-02
8.902999999999999803e-01 7.516000000000000458e-02
8.903100000000000458e-01 7.520999999999999908e-02
8.901900000000000368e-01 7.530000000000000582e-02
8.900099999999999678e-01 7.539999999999999480e-02
8.900000000000000133e-01 7.552999999999999992e-02
8.900599999999999623e-01 7.566000000000000503e-02
8.900299999999999878e-01 7.575999999999999401e-02
8.899599999999999733e-01 7.585999999999999688e-02
8.899299999999999988e-01 7.599999999999999811e-02
8.899000000000000243e-01 7.614999999999999547e-02
8.897899999999999698e-01 7.623000000000000609e-02
8.896399999999999864e-01 7.631000000000000283e-02
8.895199999999999774e-01 7.645000000000000406e-02
8.894400000000000084e-01 7.661999999999999367e-02
8.893600000000000394e-01 7.674999999999999878e-02
8.892900000000000249e-01 7.685999999999999777e-02
8.891599999999999504e-01 7.702000000000000512e-02
8.889599999999999724e-01 7.718999999999999473e-02
8.888200000000000545e-01 7.736999999999999433e-02
8.887399999999999745e-01 7.754999999999999394e-02
8.887000000000000455e-01 7.771999999999999742e-02
8.886800000000000255e-01 7.788000000000000478e-02
8.885800000000000365e-01 7.806000000000000438e-02
8.884100000000000330e-01 7.822999999999999399e-02
8.882299999999999640e-01 7.839999999999999747e-02
8.880700000000000260e-01 7.857000000000000095e-02
8.878599999999999826e-01 7.878999999999999893e-02
8.876100000000000101e-01 7.903000000000000302e-02
8.874499999999999611e-01 7.920000000000000651e-02
8.874100000000000321e-01 7.932000000000000162e-02
8.872700000000000031e-01 7.953999999999999959e-02
8.869599999999999707e-01 7.985000000000000431e-02
8.867099999999999982e-01 8.008999999999999453e-02
8.865699999999999692e-01 8.025999999999999801e-02
8.864900000000000002e-01 8.046999999999999986e-02
8.865100000000000202e-01 8.074000000000000621e-02
8.864400000000000057e-01 8.097999999999999643e-02
8.861999999999999877e-01 8.119999999999999440e-02
8.859500000000000153e-01 8.143999999999999850e-02
8.857300000000000173e-01 8.172000000000000097e-02
8.855399999999999938e-01 8.194999999999999507e-02
8.854199999999999848e-01 8.212999999999999468e-02
8.852600000000000469e-01 8.233999999999999653e-02
8.849900000000000544e-01 8.260000000000000675e-02
8.847599999999999909e-01 8.284999999999999309e-02
8.847300000000000164e-01 8.308999999999999719e-02
8.846500000000000474e-01 8.334999999999999354e-02
8.843600000000000350e-01 8.364000000000000601e-02
8.840500000000000025e-01 8.393000000000000460e-02
8.838200000000000500e-01 8.419000000000000095e-02
8.836100000000000065e-01 8.444999999999999729e-02
8.833800000000000541e-01 8.473999999999999588e-02
8.831299999999999706e-01 8.501000000000000223e-02
8.828000000000000291e-01 8.526999999999999857e-02
8.824999999999999512e-01 8.552999999999999492e-02
8.823600000000000332e-01 8.581999999999999351e-02
8.822400000000000242e-01 8.611000000000000598e-02
8.819599999999999662e-01 8.637999999999999845e-02
8.816300000000000248e-01 8.666999999999999704e-02
8.813100000000000378e-01 8.698999999999999788e-02
8.810099999999999598e-01 8.730999999999999872e-02
8.807399999999999674e-01 8.759999999999999731e-02
8.804899999999999949e-01 8.787999999999999978e-02
8.803100000000000369e-01 8.816999999999999837e-02
8.801400000000000334e-01 8.846999999999999309e-02
8.798500000000000210e-01 8.884000000000000230e-02
8.794899999999999940e-01 8.920999999999999763e-02
8.792299999999999560e-01 8.946999999999999398e-02
8.790000000000000036e-01 8.971999999999999420e-02
8.786399999999999766e-01 9.006000000000000116e-02
8.782200000000000006e-01 9.042000000000000037e-02
8.780099999999999572e-01 9.077999999999999958e-02
8.779200000000000337e-01 9.113000000000000267e-02
8.776300000000000212e-01 9.141000000000000514e-02
8.772100000000000453e-01 9.167000000000000148e-02
8.768700000000000383e-01 9.203999999999999682e-02
8.766100000000000003e-01 9.245000000000000440e-02
8.764100000000000223e-01 9.282999999999999585e-02
8.762699999999999934e-01 9.318999999999999506e-02
8.759099999999999664e-01 9.350999999999999590e-02
8.753499999999999615e-01 9.382000000000000062e-02
8.749799999999999800e-01 9.417000000000000370e-02
8.748099999999999765e-01 9.453999999999999904e-02
8.745699999999999585e-01 9.486999999999999600e-02
8.742600000000000371e-01 9.518999999999999684e-02
8.739200000000000301e-01 9.554999999999999605e-02
8.735500000000000487e-01 9.596999999999999975e-02
8.731499999999999817e-01 9.636000000000000121e-02
8.727099999999999858e-01 9.675000000000000266e-02
8.723300000000000498e-01 9.712999999999999412e-02
8.720099999999999518e-01 9.748999999999999333e-02
8.716800000000000104e-01 9.786999999999999866e-02
8.713100000000000289e-01 9.826999999999999624e-02
8.709999999999999964e-01 9.865999999999999770e-02
8.707799999999999985e-01 9.904000000000000303e-02
8.705000000000000515e-01 9.943000000000000449e-02
8.701100000000000501e-01 9.983999999999999819e-02
8.697099999999999831e-01 1.002399999999999958e-01
8.692900000000000071e-01 1.006399999999999934e-01
8.689200000000000257e-01 1.010599999999999971e-01
8.686700000000000532e-01 1.015199999999999991e-01
8.683600000000000207e-01 1.019499999999999990e-01
8.679000000000000048e-01 1.023499999999999965e-01
8.674300000000000344e-01 1.027700000000000002e-01
8.669799999999999729e-01 1.032000000000000001e-01
8.665100000000000025e-01 1.036299999999999999e-01
8.659900000000000375e-01 1.040200000000000014e-01
8.655300000000000216e-01 1.044500000000000012e-01
8.652499999999999636e-01 1.049199999999999994e-01
8.649900000000000366e-01 1.053800000000000014e-01
8.646599999999999842e-01 1.058000000000000052e-01
8.642999999999999572e-01 1.062300000000000050e-01
8.639599999999999502e-01 1.067099999999999993e-01
8.635699999999999488e-01 1.071799999999999975e-01
8.630299999999999638e-01 1.076300000000000034e-01
8.624699999999999589e-01 1.080699999999999994e-01
8.620600000000000485e-01 1.084999999999999992e-01
8.617099999999999760e-01 1.089299999999999990e-01
8.614100000000000090e-01 1.093599999999999989e-01
8.610999999999999766e-01 1.098100000000000048e-01
8.606300000000000061e-01 1.103100000000000053e-01
8.600900000000000212e-01 1.107999999999999957e-01
8.596200000000000507e-01 1.112400000000000055e-01
8.591600000000000348e-01 1.116800000000000015e-01
8.586799999999999988e-01 1.121499999999999997e-01
8.581900000000000084e-01 1.126299999999999940e-01
8.577000000000000179e-01 1.131299999999999945e-01
8.572300000000000475e-01 1.136199999999999988e-01
8.568500000000000005e-01 1.140700000000000047e-01
8.565199999999999481e-01 1.145300000000000068e-01
8.560900000000000176e-01 1.150400000000000034e-01
8.556099999999999817e-01 1.155700000000000061e-01
8.551999999999999602e-01 1.161100000000000049e-01
8.548099999999999588e-01 1.166399999999999937e-01
8.542899999999999938e-01 1.171299999999999980e-01
8.536799999999999944e-01 1.175900000000000001e-01
8.531600000000000295e-01 1.180500000000000022e-01
8.527000000000000135e-01 1.184999999999999942e-01
8.523500000000000520e-01 1.189899999999999985e-01
8.520699999999999941e-01 1.195100000000000051e-01
8.515500000000000291e-01 1.199800000000000033e-01
8.508099999999999552e-01 1.204500000000000015e-01
8.502600000000000158e-01 1.209999999999999964e-01
8.498900000000000343e-01 1.215999999999999998e-01
8.494800000000000129e-01 1.220900000000000041e-01
8.490499999999999714e-01 1.225200000000000039e-01
8.485700000000000465e-01 1.230300000000000005e-01
8.480400000000000160e-01 1.236099999999999977e-01
8.475399999999999601e-01 1.241400000000000003e-01
8.470800000000000551e-01 1.246300000000000047e-01
8.466099999999999737e-01 1.251400000000000012e-01
8.460900000000000087e-01 1.256599999999999939e-01
8.456200000000000383e-01 1.262000000000000066e-01
8.452399999999999913e-01 1.267500000000000016e-01
8.447799999999999754e-01 1.272899999999999865e-01
8.441699999999999759e-01 1.278400000000000092e-01
8.436500000000000110e-01 1.283600000000000019e-01
8.433100000000000041e-01 1.288700000000000123e-01
8.429100000000000481e-01 1.293900000000000050e-01
8.423899999999999721e-01 1.299399999999999999e-01
8.418099999999999472e-01 1.304800000000000126e-01
8.411499999999999533e-01 1.310199999999999976e-01
8.405700000000000394e-01 1.315699999999999925e-01
8.401699999999999724e-01 1.321100000000000052e-01
8.397799999999999709e-01 1.326799999999999924e-01
8.393300000000000205e-01 1.332899999999999918e-01
8.388299999999999645e-01 1.338499999999999968e-01
8.382600000000000051e-01 1.343100000000000127e-01
8.377099999999999547e-01 1.347899999999999932e-01
8.372899999999999787e-01 1.353399999999999881e-01
8.368299999999999628e-01 1.358699999999999908e-01
8.362000000000000544e-01 1.363699999999999912e-01
8.355799999999999894e-01 1.368800000000000017e-01
8.351600000000000135e-01 1.374299999999999966e-01
8.347799999999999665e-01 1.379700000000000093e-01
8.343399999999999705e-01 1.384900000000000020e-01
8.338999999999999746e-01 1.390099999999999947e-01
8.335099999999999731e-01 1.395599999999999896e-01
8.331199999999999717e-01 1.401199999999999946e-01
8.326999999999999957e-01 1.406799999999999995e-01
8.322500000000000453e-01 1.412100000000000022e-01
8.317600000000000549e-01 1.416900000000000104e-01
8.312500000000000444e-01 1.421499999999999986e-01
8.307499999999999885e-01 1.426300000000000068e-01
8.302500000000000435e-01 1.431300000000000072e-01
8.297400000000000331e-01 1.436800000000000022e-01
8.292100000000000026e-01 1.442199999999999871e-01
8.286000000000000032e-01 1.447100000000000053e-01
8.279800000000000493e-01 1.451999999999999957e-01
8.274799999999999933e-01 1.457499999999999907e-01
8.270600000000000174e-01 1.463000000000000134e-01
8.265900000000000469e-01 1.467900000000000038e-01
8.260899999999999910e-01 1.472600000000000020e-01
8.255700000000000260e-01 1.477700000000000125e-01
8.250499999999999501e-01 1.483099999999999974e-01
8.246700000000000141e-01 1.488700000000000023e-01
8.243800000000000017e-01 1.494399999999999895e-01
8.239300000000000512e-01 1.499999999999999944e-01
8.233599999999999808e-01 1.505499999999999894e-01
8.227400000000000269e-01 1.510900000000000021e-01
8.220899999999999874e-01 1.516099999999999948e-01
8.215400000000000480e-01 1.521200000000000052e-01
8.210800000000000320e-01 1.526399999999999979e-01
8.206400000000000361e-01 1.531399999999999983e-01
8.202199999999999491e-01 1.536500000000000088e-01
8.197999999999999732e-01 1.541500000000000092e-01
8.193799999999999972e-01 1.546399999999999997e-01
8.189199999999999813e-01 1.551800000000000124e-01
8.184200000000000363e-01 1.557600000000000096e-01
8.178499999999999659e-01 1.562900000000000122e-01
8.171699999999999520e-01 1.567800000000000027e-01
8.166200000000000125e-01 1.572800000000000031e-01
8.162099999999999911e-01 1.577800000000000036e-01
8.158300000000000551e-01 1.582800000000000040e-01
8.154799999999999827e-01 1.587899999999999867e-01
8.150600000000000067e-01 1.592999999999999972e-01
8.145400000000000418e-01 1.598100000000000076e-01
8.140100000000000113e-01 1.603199999999999903e-01
8.134900000000000464e-01 1.608400000000000107e-01
8.129699999999999704e-01 1.613199999999999912e-01
8.124700000000000255e-01 1.617599999999999871e-01
8.119300000000000406e-01 1.622500000000000053e-01
8.113299999999999956e-01 1.628199999999999925e-01
8.107900000000000107e-01 1.633699999999999875e-01
8.104099999999999637e-01 1.638900000000000079e-01
8.100199999999999623e-01 1.643799999999999983e-01
8.095599999999999463e-01 1.648399999999999865e-01
8.090500000000000469e-01 1.653000000000000025e-01
8.084599999999999564e-01 1.657800000000000107e-01
8.079199999999999715e-01 1.662899999999999934e-01
8.075599999999999445e-01 1.668800000000000006e-01
8.072000000000000286e-01 1.674299999999999955e-01
8.066699999999999982e-01 1.679400000000000059e-01
8.061300000000000132e-01 1.684199999999999864e-01
8.056699999999999973e-01 1.688900000000000123e-01
8.052300000000000013e-01 1.693600000000000105e-01
8.048100000000000254e-01 1.698199999999999987e-01
8.043900000000000494e-01 1.703000000000000069e-01
8.039500000000000535e-01 1.707899999999999974e-01
8.035200000000000120e-01 1.712899999999999978e-01
8.030699999999999505e-01 1.718000000000000083e-01
8.026100000000000456e-01 1.723000000000000087e-01
8.021599999999999842e-01 1.727700000000000069e-01
8.017100000000000337e-01 1.732200000000000129e-01
8.012000000000000233e-01 1.736800000000000010e-01
8.006799999999999473e-01 1.741300000000000070e-01
8.002000000000000224e-01 1.745899999999999952e-01
7.997499999999999609e-01 1.750599999999999934e-01
7.993299999999999850e-01 1.755400000000000016e-01
7.989399999999999835e-01 1.760200000000000098e-01
7.985600000000000476e-01 1.764999999999999902e-01
7.981899999999999551e-01 1.769799999999999984e-01
7.977999999999999536e-01 1.774499999999999966e-01
7.973900000000000432e-01 1.779100000000000126e-01
7.969300000000000272e-01 1.783500000000000085e-01
7.964299999999999713e-01 1.787900000000000045e-01
7.959899999999999753e-01 1.792400000000000104e-01
7.956100000000000394e-01 1.796899999999999886e-01
7.952099999999999724e-01 1.801300000000000123e-01
7.947899999999999965e-01 1.805599999999999983e-01
7.943200000000000260e-01 1.809699999999999920e-01
7.937999999999999501e-01 1.813700000000000034e-01
7.933000000000000052e-01 1.818200000000000094e-01
7.928399999999999892e-01 1.822999999999999898e-01
7.924799999999999622e-01 1.827400000000000135e-01
7.922400000000000553e-01 1.831599999999999895e-01
7.919300000000000228e-01 1.835799999999999932e-01
7.915600000000000414e-01 1.839999999999999969e-01
7.911399999999999544e-01 1.844200000000000006e-01
7.906699999999999839e-01 1.848499999999999865e-01
7.902299999999999880e-01 1.852800000000000002e-01
7.898500000000000520e-01 1.857099999999999862e-01
7.894600000000000506e-01 1.860700000000000132e-01
7.890700000000000491e-01 1.863799999999999901e-01
7.886999999999999567e-01 1.867399999999999893e-01
7.883700000000000152e-01 1.871500000000000108e-01
7.880300000000000082e-01 1.875699999999999867e-01
7.876600000000000268e-01 1.879800000000000082e-01
7.872599999999999598e-01 1.883599999999999997e-01
7.868199999999999639e-01 1.887199999999999989e-01
7.864299999999999624e-01 1.891100000000000003e-01
7.861299999999999955e-01 1.895199999999999940e-01
7.858399999999999830e-01 1.899000000000000132e-01
7.855499999999999705e-01 1.902500000000000024e-01
7.852500000000000036e-01 1.905900000000000094e-01
7.849399999999999711e-01 1.909299999999999886e-01
7.846199999999999841e-01 1.912800000000000056e-01
7.842799999999999772e-01 1.916299999999999948e-01
7.839300000000000157e-01 1.919700000000000017e-01
7.835800000000000542e-01 1.922800000000000065e-01
7.832400000000000473e-01 1.925999999999999934e-01
7.829300000000000148e-01 1.929299999999999904e-01
7.826199999999999823e-01 1.932699999999999974e-01
7.823200000000000154e-01 1.936199999999999866e-01
7.820200000000000484e-01 1.939800000000000135e-01
7.817199999999999704e-01 1.943400000000000127e-01
7.814299999999999580e-01 1.946900000000000019e-01
7.811799999999999855e-01 1.950399999999999912e-01
7.809000000000000385e-01 1.953600000000000059e-01
7.805100000000000371e-01 1.956600000000000006e-01
7.800799999999999956e-01 1.959599999999999953e-01
7.797100000000000142e-01 1.962700000000000000e-01
7.793900000000000272e-01 1.965899999999999870e-01
7.791500000000000092e-01 1.969400000000000039e-01
7.789399999999999658e-01 1.972700000000000009e-01
7.785999999999999588e-01 1.975699999999999956e-01
7.782299999999999773e-01 1.978499999999999981e-01
7.779599999999999849e-01 1.981199999999999906e-01
7.777399999999999869e-01 1.983800000000000008e-01
7.775400000000000089e-01 1.986499999999999932e-01
7.773600000000000509e-01 1.989200000000000135e-01
7.771599999999999620e-01 1.992299999999999904e-01
7.769300000000000095e-01 1.995399999999999952e-01
7.766699999999999715e-01 1.998699999999999921e-01
7.763900000000000245e-01 2.001900000000000068e-01
7.761099999999999666e-01 2.004700000000000093e-01
7.758399999999999741e-01 2.007200000000000095e-01
7.755999999999999561e-01 2.009400000000000075e-01
7.753799999999999581e-01 2.011300000000000032e-01
7.752200000000000202e-01 2.013099999999999890e-01
7.751000000000000112e-01 2.015000000000000124e-01
7.748899999999999677e-01 2.017700000000000049e-01
7.745999999999999552e-01 2.020800000000000096e-01
7.742900000000000338e-01 2.023600000000000121e-01
7.739800000000000013e-01 2.026199999999999946e-01
7.736899999999999888e-01 2.028300000000000103e-01
7.734299999999999509e-01 2.030099999999999960e-01
7.732700000000000129e-01 2.032200000000000117e-01
7.732200000000000184e-01 2.034400000000000097e-01
7.730799999999999894e-01 2.036600000000000077e-01
7.728500000000000369e-01 2.038899999999999879e-01
7.725800000000000445e-01 2.041000000000000036e-01
7.722700000000000120e-01 2.043000000000000094e-01
7.720299999999999940e-01 2.044700000000000129e-01
7.718699999999999450e-01 2.046000000000000041e-01
7.717199999999999616e-01 2.048099999999999921e-01
7.715699999999999781e-01 2.050899999999999945e-01
7.713999999999999746e-01 2.053500000000000048e-01
7.712200000000000166e-01 2.055800000000000127e-01
7.710099999999999731e-01 2.057400000000000062e-01
7.707500000000000462e-01 2.058099999999999929e-01
7.705499999999999572e-01 2.059400000000000119e-01
7.704400000000000137e-01 2.061600000000000099e-01
7.703600000000000447e-01 2.063599999999999879e-01
7.703100000000000502e-01 2.065299999999999914e-01
7.702599999999999447e-01 2.066800000000000026e-01
7.702099999999999502e-01 2.068000000000000116e-01
7.700900000000000523e-01 2.069199999999999928e-01
7.698399999999999688e-01 2.070299999999999918e-01
7.695899999999999963e-01 2.071500000000000008e-01
7.694100000000000383e-01 2.073099999999999943e-01
7.692700000000000093e-01 2.074600000000000055e-01
7.691799999999999748e-01 2.076300000000000090e-01
7.691000000000000059e-01 2.077700000000000102e-01
7.690000000000000169e-01 2.078399999999999970e-01
7.688899999999999624e-01 2.079199999999999937e-01
7.687699999999999534e-01 2.080200000000000105e-01
7.686300000000000354e-01 2.081399999999999917e-01
7.684900000000000064e-01 2.082600000000000007e-01
7.683600000000000430e-01 2.083800000000000097e-01
7.682400000000000340e-01 2.084999999999999909e-01
7.681299999999999795e-01 2.086000000000000076e-01
7.680399999999999450e-01 2.086899999999999866e-01
7.679500000000000215e-01 2.087700000000000111e-01
7.678800000000000070e-01 2.088500000000000079e-01
7.678099999999999925e-01 2.089300000000000046e-01
7.677599999999999980e-01 2.090299999999999936e-01
7.677100000000000035e-01 2.091200000000000003e-01
7.675999999999999490e-01 2.091999999999999971e-01
7.674600000000000311e-01 2.092499999999999916e-01
7.673400000000000221e-01 2.092799999999999938e-01
7.672700000000000076e-01 2.092799999999999938e-01
7.673400000000000221e-01 2.092299999999999993e-01
7.674699999999999855e-01 2.091699999999999948e-01
7.674299999999999455e-01 2.091800000000000048e-01
7.673100000000000476e-01 2.092199999999999893e-01
7.671999999999999931e-01 2.092700000000000116e-01
7.671200000000000241e-01 2.093299999999999883e-01
7.672400000000000331e-01 2.093800000000000106e-01
7.674800000000000511e-01 2.094199999999999950e-01
7.674999999999999600e-01 2.094100000000000128e-01
7.673699999999999966e-01 2.093800000000000106e-01
7.671999999999999931e-01 2.093399999999999983e-01
7.670000000000000151e-01 2.093000000000000138e-01
7.669300000000000006e-01 2.092700000000000116e-01
7.669799999999999951e-01 2.092600000000000016e-01
7.670299999999999896e-01 2.092499999999999916e-01
7.670900000000000496e-01 2.092400000000000093e-01
7.671400000000000441e-01 2.092400000000000093e-01
7.671999999999999931e-01 2.092299999999999993e-01
7.672200000000000131e-01 2.092299999999999993e-01
7.672099999999999476e-01 2.092199999999999893e-01
7.672299999999999676e-01 2.091899999999999871e-01
7.672999999999999821e-01 2.091200000000000003e-01
7.673900000000000166e-01 2.090400000000000036e-01
7.675100000000000255e-01 2.089300000000000046e-01
7.676100000000000145e-01 2.088500000000000079e-01
7.677199999999999580e-01 2.087700000000000111e-01
7.677599999999999980e-01 2.086899999999999866e-01
7.677300000000000235e-01 2.086000000000000076e-01
7.676500000000000545e-01 2.084999999999999909e-01
7.674999999999999600e-01 2.083899999999999919e-01
7.674600000000000311e-01 2.083299999999999874e-01
7.676500000000000545e-01 2.083200000000000052e-01
7.678500000000000325e-01 2.083000000000000129e-01
7.680000000000000160e-01 2.082700000000000107e-01
7.680799999999999850e-01 2.082100000000000062e-01
7.680000000000000160e-01 2.081199999999999994e-01
7.679700000000000415e-01 2.079999999999999905e-01
7.680900000000000505e-01 2.078200000000000047e-01
7.682499999999999885e-01 2.076399999999999912e-01
7.684299999999999464e-01 2.074499999999999955e-01
7.685699999999999754e-01 2.072799999999999920e-01
7.686199999999999699e-01 2.071699999999999930e-01
7.686600000000000099e-01 2.070599999999999941e-01
7.687300000000000244e-01 2.069400000000000128e-01
7.688199999999999479e-01 2.068000000000000116e-01
7.689300000000000024e-01 2.066500000000000004e-01
7.690799999999999859e-01 2.064699999999999869e-01
7.692799999999999638e-01 2.062100000000000044e-01
7.694999999999999618e-01 2.059600000000000042e-01
7.696899999999999853e-01 2.057400000000000062e-01
7.698700000000000543e-01 2.055700000000000027e-01
7.700000000000000178e-01 2.054700000000000137e-01
7.701099999999999612e-01 2.053599999999999870e-01
7.702200000000000157e-01 2.051699999999999913e-01
7.703400000000000247e-01 2.049499999999999933e-01
7.704699999999999882e-01 2.047100000000000031e-01
7.706199999999999717e-01 2.044600000000000029e-01
7.708399999999999697e-01 2.042299999999999949e-01
7.710900000000000531e-01 2.040099999999999969e-01
7.712999999999999856e-01 2.037700000000000067e-01
7.714900000000000091e-01 2.035299999999999887e-01
7.716499999999999471e-01 2.032899999999999985e-01
7.718000000000000416e-01 2.030599999999999905e-01
7.720200000000000395e-01 2.028699999999999948e-01
7.722700000000000120e-01 2.026900000000000091e-01
7.725199999999999845e-01 2.025099999999999956e-01
7.727600000000000025e-01 2.023300000000000098e-01
7.729700000000000459e-01 2.021199999999999941e-01
7.731500000000000039e-01 2.018800000000000039e-01
7.732999999999999874e-01 2.016000000000000014e-01
7.734299999999999509e-01 2.012899999999999967e-01
7.735499999999999599e-01 2.009599999999999997e-01
7.736699999999999688e-01 2.006199999999999928e-01
7.739099999999999868e-01 2.003399999999999903e-01
7.742799999999999683e-01 2.000899999999999901e-01
7.745900000000000007e-01 1.998399999999999899e-01
7.748599999999999932e-01 1.995999999999999996e-01
7.749700000000000477e-01 1.993600000000000094e-01
7.749099999999999877e-01 1.991100000000000092e-01
7.749599999999999822e-01 1.988000000000000045e-01
7.751099999999999657e-01 1.984400000000000053e-01
7.753499999999999837e-01 1.980399999999999938e-01
7.756699999999999706e-01 1.976199999999999901e-01
7.760700000000000376e-01 1.972700000000000009e-01
7.765600000000000280e-01 1.969899999999999984e-01
7.770399999999999530e-01 1.967000000000000137e-01
7.774999999999999689e-01 1.964100000000000013e-01
7.778800000000000159e-01 1.960800000000000043e-01
7.781299999999999883e-01 1.957200000000000051e-01
7.783700000000000063e-01 1.953600000000000059e-01
7.785999999999999588e-01 1.950000000000000067e-01
7.788399999999999768e-01 1.946499999999999897e-01
7.790599999999999747e-01 1.943000000000000005e-01
7.793499999999999872e-01 1.939400000000000013e-01
7.797699999999999632e-01 1.935600000000000098e-01
7.802000000000000046e-01 1.931799999999999906e-01
7.806300000000000461e-01 1.927899999999999892e-01
7.809300000000000130e-01 1.923900000000000055e-01
7.809700000000000530e-01 1.919899999999999940e-01
7.810300000000000020e-01 1.915999999999999925e-01
7.812299999999999800e-01 1.912200000000000011e-01
7.815699999999999870e-01 1.908600000000000019e-01
7.821599999999999664e-01 1.905100000000000127e-01
7.827199999999999713e-01 1.901700000000000057e-01
7.830399999999999583e-01 1.898199999999999887e-01
7.832700000000000218e-01 1.894699999999999995e-01
7.833900000000000308e-01 1.891100000000000003e-01
7.835299999999999487e-01 1.886799999999999866e-01
7.838399999999999812e-01 1.881200000000000094e-01
7.842099999999999627e-01 1.875400000000000122e-01
7.845800000000000551e-01 1.869800000000000073e-01
7.849300000000000166e-01 1.864800000000000069e-01
7.851900000000000546e-01 1.861299999999999899e-01
7.854299999999999615e-01 1.857900000000000107e-01
7.857399999999999940e-01 1.853899999999999992e-01
7.861099999999999755e-01 1.849300000000000110e-01
7.865499999999999714e-01 1.843899999999999983e-01
7.870300000000000074e-01 1.838299999999999934e-01
7.874200000000000088e-01 1.833200000000000107e-01
7.877600000000000158e-01 1.828200000000000103e-01
7.880800000000000027e-01 1.823299999999999921e-01
7.883700000000000152e-01 1.818700000000000039e-01
7.887100000000000222e-01 1.814199999999999979e-01
7.890700000000000491e-01 1.809800000000000020e-01
7.894200000000000106e-01 1.805200000000000138e-01
7.897800000000000376e-01 1.800400000000000056e-01
7.901000000000000245e-01 1.794699999999999906e-01
7.903999999999999915e-01 1.788599999999999912e-01
7.907499999999999529e-01 1.782999999999999863e-01
7.911500000000000199e-01 1.777600000000000013e-01
7.916299999999999448e-01 1.772900000000000031e-01
7.921799999999999953e-01 1.768599999999999894e-01
7.926600000000000312e-01 1.763800000000000090e-01
7.930700000000000527e-01 1.758699999999999986e-01
7.934400000000000341e-01 1.753300000000000136e-01
7.937400000000000011e-01 1.747599999999999987e-01
7.940899999999999626e-01 1.741900000000000115e-01
7.944600000000000550e-01 1.736199999999999966e-01
7.948399999999999910e-01 1.730500000000000094e-01
7.952399999999999469e-01 1.724700000000000122e-01
7.956400000000000139e-01 1.719199999999999895e-01
7.960399999999999698e-01 1.713999999999999968e-01
7.964400000000000368e-01 1.708699999999999941e-01
7.968399999999999928e-01 1.703399999999999914e-01
7.972399999999999487e-01 1.698099999999999887e-01
7.976499999999999702e-01 1.692700000000000038e-01
7.980500000000000371e-01 1.687099999999999989e-01
7.984299999999999731e-01 1.681400000000000117e-01
7.987800000000000455e-01 1.675399999999999945e-01
7.990800000000000125e-01 1.669100000000000028e-01
7.994099999999999540e-01 1.662700000000000011e-01
7.997699999999999809e-01 1.656299999999999994e-01
8.001800000000000024e-01 1.649799999999999878e-01
8.006499999999999728e-01 1.643300000000000038e-01
8.010800000000000143e-01 1.636799999999999922e-01
8.014000000000000012e-01 1.630600000000000105e-01
8.016600000000000392e-01 1.624500000000000111e-01
8.018399999999999972e-01 1.618499999999999939e-01
8.021000000000000352e-01 1.612599999999999867e-01
8.025400000000000311e-01 1.606899999999999995e-01
8.030699999999999505e-01 1.601299999999999946e-01
8.036900000000000155e-01 1.595699999999999896e-01
8.043099999999999694e-01 1.590300000000000047e-01
8.048800000000000399e-01 1.585199999999999942e-01
8.054299999999999793e-01 1.579899999999999916e-01
8.059500000000000552e-01 1.574500000000000066e-01
8.064200000000000257e-01 1.568299999999999972e-01
8.067999999999999616e-01 1.560699999999999865e-01
8.071199999999999486e-01 1.552900000000000114e-01
8.074099999999999611e-01 1.545100000000000084e-01
8.076600000000000446e-01 1.537699999999999900e-01
8.078300000000000480e-01 1.531200000000000061e-01
8.079899999999999860e-01 1.524999999999999967e-01
8.082300000000000040e-01 1.518899999999999972e-01
8.085599999999999454e-01 1.512799999999999978e-01
8.091099999999999959e-01 1.506800000000000084e-01
8.097499999999999698e-01 1.500799999999999912e-01
8.103000000000000203e-01 1.494600000000000095e-01
8.107900000000000107e-01 1.488200000000000078e-01
8.111099999999999977e-01 1.481599999999999862e-01
8.113500000000000156e-01 1.474900000000000100e-01
8.116600000000000481e-01 1.468200000000000061e-01
8.120199999999999640e-01 1.461600000000000121e-01
8.124599999999999600e-01 1.454999999999999905e-01
8.129499999999999504e-01 1.448500000000000065e-01
8.134299999999999864e-01 1.441800000000000026e-01
8.139100000000000223e-01 1.435200000000000087e-01
8.144099999999999673e-01 1.428500000000000048e-01
8.148999999999999577e-01 1.421800000000000008e-01
8.152599999999999847e-01 1.414999999999999869e-01
8.155000000000000027e-01 1.408000000000000085e-01
8.156200000000000117e-01 1.400800000000000101e-01
8.156400000000000317e-01 1.393600000000000116e-01
8.156999999999999806e-01 1.386799999999999977e-01
8.157999999999999696e-01 1.380200000000000038e-01
8.159199999999999786e-01 1.373800000000000021e-01
8.160500000000000531e-01 1.367599999999999927e-01
8.162399999999999656e-01 1.361100000000000088e-01
8.164799999999999836e-01 1.354499999999999871e-01
8.167699999999999960e-01 1.347899999999999932e-01
8.170899999999999830e-01 1.341100000000000070e-01
8.174599999999999644e-01 1.334500000000000131e-01
