3.303756857865532983e-04 9.772011825800175355e-01
3.296582838993936657e-04 9.771152789508984471e-01
3.287157284586423515e-04 9.770290774127267097e-01
3.276381379469360425e-04 9.769426190579343361e-01
3.265838998716662504e-04 9.768559300310570848e-01
3.256594310251228813e-04 9.767690273007824109e-01
3.249694692001688285e-04 9.766819273931374168e-01
3.244377792938204033e-04 9.765946266899673267e-01
3.240123511252159124e-04 9.765071383695249629e-01
3.224014333278664196e-04 9.764193628289988824e-01
3.204405452458073951e-04 9.763313757906901813e-01
3.180891961942964013e-04 9.762431816168178900e-01
3.153251799581446120e-04 9.761547711019221696e-01
3.121200357559676718e-04 9.760661505307695052e-01
3.084802677147598939e-04 9.759773244456522168e-01
3.044216643283216063e-04 9.758882969310076483e-01
3.000148403324304084e-04 9.757990826098451587e-01
2.953494335142049830e-04 9.757096802894467125e-01
2.903340617602833589e-04 9.756200949471003359e-01
2.849994990787241755e-04 9.755303314144302407e-01
2.793657166337336979e-04 9.754403965686395672e-01
2.734749272357673926e-04 9.753503027251221313e-01
2.673575757854857729e-04 9.752600453174180561e-01
2.610592254275848653e-04 9.751696356415834321e-01
2.546235998322536284e-04 9.750790824742661123e-01
2.480846202047427384e-04 9.749883891902854094e-01
2.415008635523232790e-04 9.748975686129454088e-01
2.349013348575316020e-04 9.748066139406890152e-01
2.283373140478537277e-04 9.747155335323157699e-01
2.218167595911296113e-04 9.746243322165968337e-01
2.153701598821472550e-04 9.745330107515242091e-01
2.090272716098622084e-04 9.744415777346426832e-01
2.027884307844310190e-04 9.743500233548454403e-01
1.966608228113432880e-04 9.742583537803236604e-01
1.906640979005095606e-04 9.741665682057413234e-01
1.847694803612300876e-04 9.740746700203546382e-01
1.789943174254709189e-04 9.739826610820323527e-01
1.733278385714306404e-04 9.738905307361208630e-01
1.677674567170616934e-04 9.737982873269427353e-01
1.623001144960261460e-04 9.737059294466196002e-01
1.569279083118219802e-04 9.736134554688037346e-01
1.516323185719716329e-04 9.735208735257359081e-01
1.464289161345711063e-04 9.734281713100131350e-01
1.413024098692320838e-04 9.733353514863779532e-01
1.362552494825439468e-04 9.732424184652128663e-01
1.312953310404638629e-04 9.731493699664459651e-01
1.264102527898571936e-04 9.730562153531583380e-01
1.216064415403025038e-04 9.729629409658890893e-01
1.169043815866871927e-04 9.728695514430771851e-01
1.122845100894950409e-04 9.727760494180059947e-01
1.077553773716376424e-04 9.726824358404523307e-01
1.033322306465692597e-04 9.725887188447059906e-01
9.901213754258105047e-05 9.724948833192293973e-01
9.479890855205731466e-05 9.724009393556578562e-01
9.069730538764235505e-05 9.723068908649012965e-01
8.671468913731479632e-05 9.722127329982469535e-01
8.283671449158075905e-05 9.721184715805577525e-01
7.908230304647079732e-05 9.720241113788504750e-01
7.544872429968465502e-05 9.719296438351517908e-01
7.193170854761860771e-05 9.718350720363010398e-01
6.852864354425372638e-05 9.717403995672804218e-01
6.524941971695154058e-05 9.716456248473234192e-01
6.209181767681236645e-05 9.715507577603573752e-01
5.904299232586576713e-05 9.714557816887039454e-01
5.611253381290961389e-05 9.713607006345835737e-01
5.329547478632608282e-05 9.712655220432847569e-01
5.058643553299659653e-05 9.711702416018141992e-01
4.797914743013249688e-05 9.710748624919534056e-01
4.548802738307344498e-05 9.709793735475585885e-01
4.308830800715152018e-05 9.708837826688018202e-01
4.079603699301087528e-05 9.707880888748841031e-01
3.859694378490654393e-05 9.706922856988958737e-01
3.648743786334972261e-05 9.705963887784883060e-01
3.446839950032682477e-05 9.705003809982417629e-01
3.253915078627217549e-05 9.704042701893387246e-01
3.068419983654835717e-05 9.703080540940678400e-01
2.891672892884050440e-05 9.702117392276493613e-01
2.722995040160948609e-05 9.701153269579552152e-01
2.561495677635784377e-05 9.700188092340719104e-01
2.406384287703151672e-05 9.699221911249299444e-01
2.259215049573605127e-05 9.698254716389927976e-01
2.118273710848775715e-05 9.697286568923780825e-01
1.984373671457820019e-05 9.696317515176515744e-01
1.856744077028110712e-05 9.695347421701390189e-01
1.735279114711035090e-05 9.694376402136908322e-01
1.619291273534346904e-05 9.693404403244801903e-01
1.510234864855004169e-05 9.692431462703163803e-01
1.405863418138826102e-05 9.691457603312302327e-01
1.307570079026486776e-05 9.690482788584928731e-01
1.214660622944196012e-05 9.689507032828907906e-01
1.127104649942535747e-05 9.688530331264624262e-01
1.044149235998782996e-05 9.687552678893227576e-01
9.664653760429363499e-06 9.686574220611509078e-01
8.933413736572555044e-06 9.685594773183483497e-01
8.254552727995767553e-06 9.684614479363787831e-01
7.613701843124795547e-06 9.683633257298558394e-01
7.010380439197020416e-06 9.682651162634078323e-01
6.451766844122638732e-06 9.681668303999814151e-01
5.930733883436589593e-06 9.680684483536086127e-01
5.446876196765734665e-06 9.679699843294006234e-01
4.992881096745721153e-06 9.678714346616914543e-01
4.568671231888299882e-06 9.677728005118477750e-01
4.181368519697543644e-06 9.676740963652894489e-01
3.816463772398583306e-06 9.675752999933113774e-01
3.481235884561093214e-06 9.674764193119808064e-01
3.168238688626944729e-06 9.673774557622472070e-01
2.884712631590290342e-06 9.672784132138478874e-01
2.616189764229639281e-06 9.671792838445404383e-01
2.369667421378039941e-06 9.670800709905360559e-01
2.145197475891498859e-06 9.669807762598645606e-01
1.935591442724927033e-06 9.668813881591444837e-01
1.747803486773460261e-06 9.667819289814478800e-01
1.567584604751196765e-06 9.666823738030129176e-01
1.409194353370176846e-06 9.665827349196561835e-01
1.265298860911605526e-06 9.664830221408958755e-01
1.128822091703793833e-06 9.663832091467635665e-01
1.006858083189675173e-06 9.662833138158485324e-01
8.992861843993429763e-07 9.661833596294221449e-01
7.990172202656300530e-07 9.660833039603006211e-01
7.130940157705083852e-07 9.659831924049185892e-01
6.272938451062053574e-07 9.658829627887436375e-01
5.558046103123366572e-07 9.657826859591528423e-01
4.914895673839927848e-07 9.656823442215327624e-01
4.343578845001631948e-07 9.655819225416186757e-01
3.843825621729782967e-07 9.654814386305134999e-01
3.415552650414115188e-07 9.653809008206657438e-01
2.987671214689292517e-07 9.652802550862139563e-01
2.630959231516334567e-07 9.651795822842376138e-01
2.345686103085547291e-07 9.650788632884675922e-01
2.060531955480491549e-07 9.649780535409905324e-01
1.775598588006084718e-07 9.648771386285589502e-01
1.561819552777642957e-07 9.647762190957125394e-01
1.348178285266013574e-07 9.646752094124610988e-01
1.134742231671948962e-07 9.645740800220385935e-01
9.923225812231355039e-08 9.644729916740352182e-01
8.500636274192191889e-08 9.643718014746922584e-01
7.079398625712241708e-08 9.642705007650778093e-01
6.367166045507549201e-08 9.641693253957739351e-01
4.948707161717769716e-08 9.640677826204711032e-01
4.238528253855523684e-08 9.639664016645373978e-01
3.529262179792550281e-08 9.638649161541259502e-01
2.821139877458296823e-08 9.637632944627585463e-01
2.113969831992285762e-08 9.636615132632263547e-01
2.112077646713502658e-08 9.635602614959446477e-01
1.406680338558881440e-08 9.634581539433830777e-01
1.405294232683850526e-08 9.633568121231530501e-01
7.019569571546359494e-09 9.632540519749774877e-01
7.012062637749673810e-09 9.631526265188676827e-01
7.004523915993114584e-09 9.630511551510123613e-01
6.996988300183190029e-09 9.629496234822321199e-01
6.989145602890159802e-09 9.628480467918048014e-01
6.981017859749834456e-09 9.627464256324659297e-01
6.972873645014910072e-09 9.626447528406406606e-01
6.964410510326114654e-09 9.625430449595140381e-01
1.032171416130890213e-06 3.256651800758846027e-02
1.436480942961026468e-06 5.467596089967669687e-02
1.446580736060061250e-06 7.987845894486031439e-02
2.390424186202599142e-06 1.070511053473825053e-01
2.865706928501894632e-06 1.353056028045538095e-01
3.102632957106891497e-06 1.639504028138861202e-01
2.873193692879865917e-06 1.924611115816451667e-01
2.231712122123285948e-06 2.204446631681648006e-01
9.303707860946636922e-06 2.476091779262439285e-01
1.002311201492242012e-05 2.737549004998126589e-01
1.067548493069144641e-05 2.987378220185056277e-01
1.150872655437858985e-05 3.224642557221355510e-01
1.233098761775679223e-05 3.448766752837695848e-01
1.329012105629992269e-05 3.659485854658078852e-01
1.462031248859880147e-05 3.856611168843058768e-01
1.627905946963595992e-05 4.040195308433692789e-01
1.822685743784671489e-05 4.210288534051447318e-01
2.061011380922646850e-05 4.366952090325795233e-01
2.360310756801915961e-05 4.510304216404879551e-01
2.740086056098416225e-05 4.640365405876110683e-01
3.228212525554371667e-05 4.757090397553846994e-01
3.864301838899439063e-05 4.860342916892551046e-01
4.705886201733111443e-05 4.949783323632896415e-01
5.838220849128269410e-05 5.024936999216232936e-01
7.392191060932856847e-05 5.085018573345950754e-01
9.572841574515259433e-05 5.128894482001121746e-01
1.271366231506269081e-04 5.154931755564918783e-01
1.737161637733760473e-04 5.160809079521881948e-01
2.450844439359114828e-04 5.143201991752751612e-01
3.584416313230947464e-04 5.097320715435212923e-01
5.507304768267676665e-04 5.016025121090057493e-01
8.947344147480436371e-04 4.888668467404628792e-01
1.552129119396161109e-03 4.698587178031088940e-01
2.934291176167671059e-03 4.419723797857220138e-01
6.191937713358704361e-03 4.014133779091040299e-01
1.486303302837458339e-02 3.448385312777621503e-01
3.883920631217953334e-02 2.796256476854503958e-01
9.036016335159460788e-02 2.261452126171945853e-01
1.632890302090815315e-01 1.708907404370253458e-01
2.433297202584812080e-01 1.063225389058529841e-01
3.188394332893181859e-01 5.225575973008474845e-02
3.816542394767576396e-01 2.191148190001601312e-02
4.301422205952764588e-01 1.285345546494367532e-02
4.672246499696670607e-01 1.537418503982192035e-02
4.975220815076349390e-01 2.082640036858661794e-02
5.242059885153518284e-01 2.447873873253116755e-02
5.488687361699911005e-01 2.496628292511390498e-02
5.721827754114721110e-01 2.297400808023567290e-02
5.937448056874040647e-01 2.002439548102280184e-02
6.122533272335246579e-01 1.753452251442442350e-02
6.293807446361340263e-01 1.695606428061425738e-02
6.432997755086107272e-01 1.868175710564360867e-02
6.543913412902109261e-01 2.259873008778756978e-02
6.631354167868721561e-01 2.813379628902561158e-02
6.702245622610178977e-01 3.447845921857350254e-02
6.761451656060262216e-01 4.080181949230176491e-02
6.817443242686798133e-01 4.646352549420712519e-02
6.873955210239265368e-01 5.099431861577084085e-02
6.928740787546152635e-01 5.422526127725950384e-02
6.987787322563151493e-01 5.621099433936950496e-02
7.047016421696987720e-01 5.723065484069875253e-02
7.111043484081869259e-01 5.765388675313264100e-02
7.172785753476373927e-01 5.792894346243502440e-02
7.230434504082868807e-01 5.844034669747344424e-02
7.278967628556273217e-01 5.943838580763263768e-02
7.323097326353879000e-01 6.115612730928807195e-02
7.354417448845088634e-01 6.357176226583770295e-02
7.383510501535881509e-01 6.661883136760593516e-02
7.402820563699060719e-01 7.001182487405631372e-02
7.421665480570136531e-01 7.346555041932192887e-02
7.440022417389240417e-01 7.659017560686601223e-02
7.460755652752953937e-01 7.913110477076286398e-02
7.485210143984243336e-01 8.082686320828151583e-02
7.517703697042416033e-01 8.151585820479712030e-02
7.555365260806963246e-01 8.112518956422533345e-02
7.597175885706286547e-01 7.972744275304106953e-02
7.647435394783493878e-01 7.753313849494553045e-02
7.699123340058463549e-01 7.482190701828594914e-02
7.751128566901389627e-01 7.197808702616531606e-02
7.800427641508107524e-01 6.940739103225514184e-02
7.843622969508174947e-01 6.755345211058731703e-02
7.874153235552545649e-01 6.680238488858240842e-02
7.893684288583131536e-01 6.745183736448329137e-02
7.899730063732344210e-01 6.969317178597961293e-02
7.888731680184846162e-01 7.354107594956323102e-02
7.867424986265026954e-01 7.886735269262429293e-02
7.832858265383133567e-01 8.538692877704143203e-02
7.790216732244010789e-01 9.270679541174786653e-02
7.744983323622095517e-01 1.003577873956271321e-01
7.700196327331125801e-01 1.078229620040749015e-01
7.660169076797505028e-01 1.145854824586414605e-01
7.629773526370509096e-01 1.202215851367643140e-01
7.610619743699315043e-01 1.243846234609371076e-01
7.605189546610585660e-01 1.268107934906855805e-01
7.614294695052900019e-01 1.273063130150739741e-01
7.643599955526125811e-01 1.258626418292808358e-01
7.687982386287289804e-01 1.225004500239977173e-01
7.744925106485461841e-01 1.174131446609448515e-01
7.813916116352250807e-01 1.109029053313040913e-01
7.890529450638472664e-01 1.033990577373257030e-01
7.975329837247070452e-01 9.544939401933739964e-02
8.056216513514609101e-01 8.759226515251747336e-02
8.130246043858471161e-01 8.053699791554039256e-02
8.191718822845148740e-01 7.486674354149430721e-02
8.233220763209934123e-01 7.113819495911162527e-02
8.258704566537047320e-01 6.973501995215558580e-02
8.259283301756079609e-01 7.089513303042101200e-02
8.239356206607579836e-01 7.462777665088472789e-02
8.193317935026478427e-01 8.074397624706898535e-02
8.129293628250235937e-01 8.888371108577082513e-02
8.050700313528941221e-01 9.846808833259237947e-02
7.968279937549150871e-01 1.089179321627653518e-01
7.881543812690863238e-01 1.195023580010740605e-01
7.797392943653416175e-01 1.296251507465962238e-01
7.723346282103444871e-01 1.386634157882813412e-01
7.666075292660661233e-01 1.461983245036284351e-01
7.621766282863294828e-01 1.517367604274361403e-01
7.598384228027189602e-01 1.550552938686594329e-01
7.595520721440474077e-01 1.559796694648868942e-01
7.615638223951253227e-01 1.544558131407949286e-01
7.656194905856341659e-01 1.505404432559802053e-01
7.715483232758747478e-01 1.443839554116039814e-01
7.793065986272804668e-01 1.363295487384792726e-01
7.882494458595166176e-01 1.267582514509608127e-01
7.982929225987700494e-01 1.162011116194779786e-01
8.083160413314881554e-01 1.053099501380358044e-01
8.183359727376816606e-01 9.480403545175955515e-02
8.265569823700491536e-01 8.543986406902596975e-02
8.337342197615843498e-01 7.795243397666978824e-02
8.380460014249565548e-01 7.293472880686781290e-02
8.402828560631759869e-01 7.085476072310321893e-02
8.396954221576989896e-01 7.191343253041301842e-02
8.362880193732611378e-01 7.610618422430241725e-02
8.300170745220554203e-01 8.315395934599909000e-02
8.215886661975650984e-01 9.253621908602047141e-02
8.112847942482610542e-01 1.036577557300038810e-01
8.001404115323655919e-01 1.156958807682448021e-01
7.887146674592738771e-01 1.279634912959351778e-01
7.773510098040632421e-01 1.397062029821665718e-01
7.676270365790611727e-01 1.503108530562627942e-01
7.585838477084513309e-01 1.591359511115086056e-01
7.519926698901149287e-01 1.659602533853495876e-01
7.467396753400349363e-01 1.702810325973073413e-01
7.441872081031284392e-01 1.720599495398862921e-01
