3.000000000000000076e-05 9.391899999999999693e-01
2.000000000000000164e-05 9.389600000000000168e-01
4.000000000000000327e-05 9.387199999999999989e-01
2.000000000000000164e-05 9.384700000000000264e-01
4.000000000000000327e-05 9.381599999999999939e-01
3.000000000000000076e-05 9.379100000000000215e-01
3.000000000000000076e-05 9.376799999999999580e-01
5.000000000000000240e-05 9.374200000000000310e-01
3.000000000000000076e-05 9.371599999999999930e-01
4.000000000000000327e-05 9.368600000000000261e-01
5.000000000000000240e-05 9.366200000000000081e-01
3.000000000000000076e-05 9.363599999999999701e-01
2.000000000000000164e-05 9.361099999999999977e-01
4.000000000000000327e-05 9.358999999999999542e-01
4.000000000000000327e-05 9.355900000000000327e-01
3.000000000000000076e-05 9.353599999999999692e-01
4.000000000000000327e-05 9.350500000000000478e-01
3.000000000000000076e-05 9.347999999999999643e-01
3.000000000000000076e-05 9.345099999999999518e-01
1.000000000000000082e-05 9.342500000000000249e-01
5.000000000000000240e-05 9.340000000000000524e-01
3.000000000000000076e-05 9.337499999999999689e-01
5.000000000000000240e-05 9.334400000000000475e-01
6.000000000000000152e-05 9.329600000000000115e-01
5.000000000000000240e-05 9.327400000000000135e-01
6.000000000000000152e-05 9.323900000000000521e-01
5.000000000000000240e-05 9.320599999999999996e-01
5.000000000000000240e-05 9.312700000000000422e-01
6.000000000000000152e-05 9.310000000000000497e-01
6.999999999999999387e-05 9.306200000000000028e-01
6.000000000000000152e-05 9.301399999999999668e-01
6.999999999999999387e-05 9.298800000000000399e-01
6.000000000000000152e-05 9.295299999999999674e-01
6.999999999999999387e-05 9.292000000000000259e-01
6.999999999999999387e-05 9.287600000000000300e-01
8.000000000000000654e-05 9.287600000000000300e-01
9.000000000000000567e-05 9.284000000000000030e-01
8.000000000000000654e-05 9.280500000000000416e-01
8.000000000000000654e-05 9.277800000000000491e-01
9.000000000000000567e-05 9.273799999999999821e-01
6.999999999999999387e-05 9.270899999999999697e-01
6.999999999999999387e-05 9.268899999999999917e-01
1.100000000000000039e-04 9.265700000000000047e-01
9.000000000000000567e-05 9.261800000000000033e-01
1.100000000000000039e-04 9.257699999999999818e-01
1.100000000000000039e-04 9.254099999999999548e-01
9.000000000000000567e-05 9.248899999999999899e-01
1.000000000000000048e-04 9.245799999999999574e-01
9.000000000000000567e-05 9.242099999999999760e-01
9.000000000000000567e-05 9.238800000000000345e-01
1.100000000000000039e-04 9.232599999999999696e-01
1.200000000000000030e-04 9.228800000000000336e-01
1.200000000000000030e-04 9.223200000000000287e-01
1.100000000000000039e-04 9.219500000000000473e-01
1.100000000000000039e-04 9.215900000000000203e-01
1.200000000000000030e-04 9.209199999999999608e-01
8.000000000000000654e-05 9.206699999999999884e-01
1.100000000000000039e-04 9.198899999999999855e-01
1.000000000000000048e-04 9.197300000000000475e-01
1.100000000000000039e-04 9.190000000000000391e-01
9.000000000000000567e-05 9.186999999999999611e-01
6.999999999999999387e-05 9.180800000000000072e-01
1.000000000000000048e-04 9.175900000000000167e-01
1.000000000000000048e-04 9.169100000000000028e-01
8.000000000000000654e-05 9.161799999999999944e-01
8.000000000000000654e-05 9.159300000000000219e-01
9.000000000000000567e-05 9.150099999999999900e-01
9.000000000000000567e-05 9.141899999999999471e-01
6.999999999999999387e-05 9.145100000000000451e-01
6.999999999999999387e-05 9.134100000000000552e-01
9.000000000000000567e-05 9.123700000000000143e-01
1.000000000000000048e-04 9.113099999999999534e-01
8.000000000000000654e-05 9.119699999999999473e-01
1.000000000000000048e-04 9.117199999999999749e-01
2.300000000000000070e-04 9.098699999999999566e-01
3.400000000000000244e-04 9.102999999999999980e-01
5.599999999999999509e-04 9.096600000000000241e-01
6.599999999999999964e-04 9.095199999999999951e-01
7.900000000000000121e-04 9.084699999999999998e-01
7.100000000000000191e-04 9.058599999999999985e-01
7.699999999999999597e-04 9.043999999999999817e-01
8.400000000000000348e-04 9.070099999999999829e-01
8.700000000000000051e-04 9.072200000000000264e-01
8.800000000000000313e-04 9.075299999999999478e-01
9.300000000000000541e-04 9.066999999999999504e-01
8.899999999999999491e-04 9.051500000000000101e-01
9.200000000000000278e-04 9.038800000000000168e-01
9.399999999999999719e-04 9.040700000000000403e-01
9.600000000000000243e-04 9.039000000000000368e-01
9.899999999999999946e-04 9.033999999999999808e-01
9.899999999999999946e-04 9.029599999999999849e-01
1.020000000000000073e-03 9.033700000000000063e-01
1.059999999999999961e-03 9.032900000000000373e-01
1.080000000000000014e-03 9.026499999999999524e-01
1.080000000000000014e-03 9.024499999999999744e-01
1.119999999999999902e-03 9.019599999999999840e-01
1.139999999999999954e-03 9.015800000000000480e-01
1.170000000000000033e-03 9.009500000000000286e-01
1.199999999999999895e-03 9.005499999999999616e-01
1.190000000000000085e-03 8.999899999999999567e-01
1.219999999999999947e-03 8.996800000000000352e-01
1.270000000000000078e-03 8.990599999999999703e-01
1.289999999999999914e-03 8.987800000000000233e-01
1.319999999999999993e-03 8.981200000000000294e-01
1.319999999999999993e-03 8.977399999999999824e-01
1.360000000000000098e-03 8.971000000000000085e-01
1.379999999999999933e-03 8.966100000000000181e-01
1.399999999999999986e-03 8.960700000000000331e-01
1.440000000000000091e-03 8.954400000000000137e-01
1.469999999999999953e-03 8.948399999999999688e-01
1.510000000000000057e-03 8.942799999999999638e-01
1.520000000000000084e-03 8.937000000000000499e-01
1.559999999999999972e-03 8.931799999999999740e-01
1.569999999999999998e-03 8.924999999999999600e-01
1.610000000000000103e-03 8.919599999999999751e-01
1.629999999999999939e-03 8.913799999999999502e-01
1.660000000000000017e-03 8.908599999999999852e-01
1.690000000000000096e-03 8.902600000000000513e-01
1.709999999999999932e-03 8.896500000000000519e-01
1.740000000000000010e-03 8.891499999999999959e-01
1.770000000000000089e-03 8.885499999999999510e-01
1.830000000000000029e-03 8.879399999999999515e-01
1.840000000000000056e-03 8.872999999999999776e-01
1.869999999999999917e-03 8.866500000000000492e-01
1.899999999999999996e-03 8.860400000000000498e-01
1.930000000000000075e-03 8.853799999999999448e-01
1.990000000000000015e-03 8.847399999999999709e-01
1.990000000000000015e-03 8.840999999999999970e-01
2.030000000000000120e-03 8.833800000000000541e-01
2.060000000000000199e-03 8.828000000000000291e-01
2.099999999999999870e-03 8.822100000000000497e-01
2.160000000000000028e-03 8.815300000000000358e-01
2.180000000000000080e-03 8.810099999999999598e-01
2.220000000000000185e-03 8.803600000000000314e-01
2.259999999999999856e-03 8.797399999999999665e-01
2.330000000000000040e-03 8.791299999999999670e-01
2.370000000000000145e-03 8.784300000000000441e-01
2.439999999999999895e-03 8.778000000000000247e-01
2.459999999999999947e-03 8.771200000000000108e-01
2.500000000000000052e-03 8.764800000000000368e-01
2.569999999999999802e-03 8.757000000000000339e-01
2.609999999999999907e-03 8.749599999999999600e-01
2.629999999999999959e-03 8.742900000000000116e-01
2.690000000000000117e-03 8.735199999999999632e-01
2.749999999999999840e-03 8.728500000000000147e-01
2.809999999999999998e-03 8.721299999999999608e-01
2.870000000000000155e-03 8.713899999999999979e-01
2.919999999999999853e-03 8.706500000000000350e-01
3.000000000000000062e-03 8.699500000000000011e-01
3.040000000000000167e-03 8.691600000000000437e-01
3.089999999999999865e-03 8.685000000000000497e-01
3.160000000000000048e-03 8.677599999999999758e-01
3.220000000000000206e-03 8.669299999999999784e-01
3.289999999999999956e-03 8.660999999999999810e-01
3.360000000000000139e-03 8.652900000000000036e-01
3.409999999999999837e-03 8.644800000000000262e-01
3.480000000000000020e-03 8.636800000000000033e-01
3.540000000000000178e-03 8.627899999999999459e-01
3.609999999999999928e-03 8.619099999999999540e-01
3.690000000000000138e-03 8.609999999999999876e-01
3.749999999999999861e-03 8.600900000000000212e-01
3.810000000000000019e-03 8.591900000000000093e-01
3.899999999999999821e-03 8.583800000000000319e-01
3.980000000000000031e-03 8.574100000000000055e-01
4.040000000000000188e-03 8.565700000000000536e-01
4.089999999999999886e-03 8.556300000000000017e-01
4.159999999999999636e-03 8.547599999999999643e-01
4.270000000000000358e-03 8.537799999999999834e-01
4.360000000000000160e-03 8.528299999999999770e-01
4.440000000000000370e-03 8.517000000000000126e-01
4.530000000000000172e-03 8.506099999999999772e-01
4.570000000000000277e-03 8.496299999999999963e-01
4.700000000000000185e-03 8.484099999999999975e-01
4.780000000000000394e-03 8.477700000000000236e-01
4.879999999999999789e-03 8.467299999999999827e-01
4.950000000000000407e-03 8.452199999999999713e-01
5.049999999999999802e-03 8.440299999999999470e-01
5.130000000000000011e-03 8.427200000000000246e-01
5.230000000000000274e-03 8.423399999999999777e-01
5.349999999999999721e-03 8.413399999999999768e-01
5.449999999999999983e-03 8.400400000000000089e-01
5.519999999999999733e-03 8.390300000000000535e-01
5.649999999999999641e-03 8.375399999999999512e-01
5.749999999999999903e-03 8.367999999999999883e-01
5.850000000000000165e-03 8.352800000000000225e-01
5.980000000000000072e-03 8.346400000000000485e-01
6.109999999999999980e-03 8.341499999999999471e-01
6.219999999999999835e-03 8.328900000000000192e-01
6.329999999999999689e-03 8.311899999999999844e-01
6.459999999999999597e-03 8.299900000000000055e-01
6.559999999999999859e-03 8.288600000000000412e-01
6.700000000000000226e-03 8.280100000000000238e-01
6.839999999999999726e-03 8.264200000000000434e-01
6.980000000000000093e-03 8.252300000000000191e-01
7.110000000000000001e-03 8.239800000000000457e-01
7.239999999999999908e-03 8.228999999999999648e-01
7.400000000000000328e-03 8.216799999999999660e-01
7.570000000000000340e-03 8.204000000000000181e-01
7.700000000000000247e-03 8.192099999999999937e-01
7.830000000000000154e-03 8.180100000000000149e-01
8.009999999999999759e-03 8.166799999999999615e-01
8.170000000000000179e-03 8.153700000000000392e-01
8.300000000000000086e-03 8.141000000000000458e-01
8.470000000000000098e-03 8.127100000000000435e-01
8.640000000000000110e-03 8.113599999999999701e-01
8.810000000000000123e-03 8.100899999999999768e-01
8.989999999999999727e-03 8.086900000000000199e-01
9.150000000000000147e-03 8.072599999999999776e-01
9.360000000000000264e-03 8.059399999999999897e-01
9.539999999999999869e-03 8.045099999999999474e-01
9.719999999999999474e-03 8.031199999999999450e-01
9.950000000000000511e-03 8.018300000000000427e-01
1.012000000000000052e-02 8.003099999999999659e-01
1.033000000000000064e-02 7.989100000000000090e-01
1.052999999999999943e-02 7.973799999999999777e-01
1.076000000000000047e-02 7.960300000000000153e-01
1.097000000000000058e-02 7.945200000000000040e-01
1.119000000000000029e-02 7.929899999999999727e-01
1.141000000000000000e-02 7.914499999999999869e-01
1.163999999999999931e-02 7.899500000000000410e-01
1.188999999999999953e-02 7.884299999999999642e-01
1.212000000000000056e-02 7.868100000000000094e-01
1.238999999999999997e-02 7.852599999999999580e-01
1.261999999999999927e-02 7.837300000000000377e-01
1.288000000000000082e-02 7.820899999999999519e-01
1.315999999999999982e-02 7.803700000000000081e-01
1.342999999999999923e-02 7.785600000000000298e-01
1.370999999999999996e-02 7.767500000000000515e-01
1.396999999999999978e-02 7.749899999999999567e-01
1.430000000000000021e-02 7.731799999999999784e-01
1.457999999999999921e-02 7.713499999999999801e-01
1.488000000000000086e-02 7.694999999999999618e-01
1.519999999999999997e-02 7.676600000000000090e-01
1.550999999999999948e-02 7.657800000000000162e-01
1.583999999999999991e-02 7.638700000000000490e-01
1.615000000000000116e-02 7.618700000000000472e-01
1.651999999999999996e-02 7.599900000000000544e-01
1.685999999999999999e-02 7.580099999999999616e-01
1.721999999999999920e-02 7.560999999999999943e-01
1.756999999999999881e-02 7.541099999999999470e-01
1.796000000000000027e-02 7.521499999999999853e-01
1.835000000000000173e-02 7.501499999999999835e-01
1.873000000000000012e-02 7.481600000000000472e-01
1.915999999999999995e-02 7.460700000000000109e-01
1.952999999999999875e-02 7.440799999999999637e-01
1.999000000000000082e-02 7.420299999999999674e-01
2.041000000000000106e-02 7.399499999999999966e-01
2.086000000000000007e-02 7.377899999999999459e-01
2.131999999999999867e-02 7.356899999999999551e-01
2.178000000000000075e-02 7.335099999999999953e-01
2.224999999999999895e-02 7.312800000000000411e-01
2.275999999999999898e-02 7.290999999999999703e-01
2.322000000000000106e-02 7.268400000000000416e-01
2.375000000000000028e-02 7.245800000000000018e-01
2.427999999999999950e-02 7.221600000000000241e-01
2.484000000000000097e-02 7.199299999999999589e-01
2.539999999999999897e-02 7.174899999999999611e-01
2.594000000000000125e-02 7.150999999999999579e-01
2.649999999999999925e-02 7.127799999999999692e-01
2.709999999999999909e-02 7.102899999999999769e-01
2.768999999999999934e-02 7.078699999999999992e-01
2.828999999999999918e-02 7.053700000000000525e-01
2.895999999999999963e-02 7.027600000000000513e-01
2.959000000000000172e-02 7.001699999999999591e-01
3.028000000000000136e-02 6.975599999999999579e-01
3.092999999999999916e-02 6.948199999999999932e-01
3.162000000000000227e-02 6.921300000000000230e-01
3.232999999999999763e-02 6.893299999999999983e-01
3.309999999999999748e-02 6.864799999999999791e-01
3.379999999999999671e-02 6.836200000000000054e-01
3.459999999999999881e-02 6.807100000000000373e-01
3.536000000000000254e-02 6.777699999999999836e-01
3.617999999999999688e-02 6.747499999999999609e-01
3.697000000000000286e-02 6.717600000000000238e-01
3.781000000000000333e-02 6.687400000000000011e-01
3.864999999999999686e-02 6.655600000000000405e-01
3.955000000000000182e-02 6.624799999999999578e-01
4.046000000000000291e-02 6.592400000000000482e-01
4.138000000000000012e-02 6.559800000000000075e-01
4.229999999999999732e-02 6.527300000000000324e-01
4.327000000000000290e-02 6.493600000000000483e-01
4.419000000000000011e-02 6.458599999999999897e-01
4.524000000000000243e-02 6.425600000000000200e-01
4.621999999999999720e-02 6.390700000000000269e-01
4.726999999999999952e-02 6.355600000000000138e-01
4.830000000000000265e-02 6.320700000000000207e-01
4.941999999999999865e-02 6.285600000000000076e-01
5.050000000000000322e-02 6.249000000000000110e-01
5.161000000000000310e-02 6.213199999999999834e-01
5.276999999999999746e-02 6.176599999999999868e-01
5.394999999999999796e-02 6.139400000000000412e-01
5.512000000000000233e-02 6.100999999999999757e-01
5.632000000000000201e-02 6.064800000000000191e-01
5.757000000000000312e-02 6.024399999999999755e-01
5.884999999999999953e-02 5.983199999999999630e-01
6.017999999999999738e-02 5.947299999999999809e-01
6.162000000000000116e-02 5.907000000000000028e-01
6.308999999999999331e-02 5.860499999999999599e-01
6.461000000000000076e-02 5.825900000000000523e-01
6.623999999999999333e-02 5.784299999999999997e-01
6.790000000000000202e-02 5.742199999999999527e-01
6.954000000000000459e-02 5.695400000000000462e-01
7.119999999999999940e-02 5.654700000000000282e-01
7.295000000000000095e-02 5.612800000000000011e-01
7.470000000000000251e-02 5.569499999999999451e-01
7.646000000000000019e-02 5.524299999999999766e-01
7.821000000000000174e-02 5.480099999999999971e-01
8.007000000000000228e-02 5.434799999999999631e-01
8.197999999999999732e-02 5.386499999999999622e-01
8.390000000000000235e-02 5.337499999999999467e-01
8.581999999999999351e-02 5.291599999999999637e-01
8.777999999999999692e-02 5.247100000000000097e-01
8.973000000000000420e-02 5.200500000000000123e-01
9.178999999999999659e-02 5.149899999999999478e-01
9.390999999999999348e-02 5.101099999999999524e-01
9.600000000000000200e-02 5.052200000000000024e-01
9.815999999999999726e-02 5.001799999999999580e-01
1.003600000000000048e-01 4.951200000000000045e-01
1.025900000000000006e-01 4.900300000000000211e-01
1.049299999999999955e-01 4.846900000000000097e-01
1.072800000000000004e-01 4.794399999999999773e-01
1.096899999999999958e-01 4.739900000000000224e-01
1.121100000000000013e-01 4.684900000000000175e-01
1.146100000000000035e-01 4.627700000000000147e-01
1.171500000000000041e-01 4.572499999999999898e-01
1.197499999999999953e-01 4.515600000000000169e-01
1.223599999999999965e-01 4.460000000000000075e-01
1.250600000000000045e-01 4.402300000000000102e-01
1.278499999999999914e-01 4.343299999999999939e-01
1.305999999999999939e-01 4.285599999999999965e-01
1.334299999999999931e-01 4.224300000000000277e-01
1.362700000000000022e-01 4.165699999999999958e-01
1.392100000000000004e-01 4.103200000000000180e-01
1.421300000000000063e-01 4.044400000000000217e-01
1.451600000000000112e-01 3.980400000000000049e-01
1.482100000000000084e-01 3.919000000000000261e-01
1.513500000000000123e-01 3.854899999999999993e-01
1.544800000000000062e-01 3.793599999999999750e-01
1.577000000000000068e-01 3.730200000000000182e-01
1.609500000000000097e-01 3.667699999999999849e-01
1.642899999999999916e-01 3.602199999999999847e-01
1.676600000000000035e-01 3.538700000000000179e-01
1.711199999999999943e-01 3.475199999999999956e-01
1.745800000000000129e-01 3.412200000000000233e-01
1.781099999999999905e-01 3.347300000000000275e-01
1.815299999999999969e-01 3.285899999999999932e-01
1.849500000000000033e-01 3.223400000000000154e-01
1.884399999999999964e-01 3.163300000000000001e-01
1.919800000000000118e-01 3.101700000000000013e-01
1.956700000000000106e-01 3.040499999999999869e-01
1.994499999999999884e-01 2.978100000000000191e-01
2.032700000000000062e-01 2.918000000000000038e-01
2.070799999999999863e-01 2.859700000000000020e-01
2.109600000000000086e-01 2.800900000000000056e-01
2.149399999999999922e-01 2.741000000000000103e-01
2.189899999999999902e-01 2.683400000000000230e-01
2.231299999999999950e-01 2.625600000000000156e-01
2.272899999999999920e-01 2.568500000000000227e-01
2.314400000000000068e-01 2.511399999999999744e-01
2.356699999999999906e-01 2.454800000000000038e-01
2.400100000000000011e-01 2.400599999999999956e-01
2.444199999999999984e-01 2.345899999999999930e-01
2.488700000000000079e-01 2.291199999999999903e-01
2.533699999999999841e-01 2.236799999999999899e-01
2.579400000000000026e-01 2.182800000000000018e-01
2.625799999999999801e-01 2.129800000000000026e-01
2.672999999999999821e-01 2.076600000000000112e-01
2.720400000000000040e-01 2.024499999999999911e-01
2.768300000000000205e-01 1.972299999999999887e-01
2.816199999999999815e-01 1.920699999999999907e-01
2.864999999999999769e-01 1.868700000000000083e-01
2.914100000000000024e-01 1.818599999999999939e-01
2.963799999999999768e-01 1.768399999999999972e-01
3.013500000000000068e-01 1.718500000000000028e-01
3.063199999999999812e-01 1.668900000000000106e-01
3.112599999999999811e-01 1.620000000000000051e-01
3.162599999999999856e-01 1.571299999999999919e-01
3.212800000000000100e-01 1.523799999999999877e-01
3.263699999999999934e-01 1.476600000000000135e-01
3.314900000000000069e-01 1.429900000000000060e-01
3.365600000000000258e-01 1.383500000000000008e-01
3.416600000000000192e-01 1.337299999999999878e-01
3.467799999999999772e-01 1.292399999999999938e-01
3.519200000000000106e-01 1.248299999999999965e-01
3.568799999999999750e-01 1.204899999999999999e-01
3.617900000000000005e-01 1.163600000000000051e-01
3.666900000000000159e-01 1.122900000000000009e-01
3.715899999999999759e-01 1.083500000000000019e-01
3.764500000000000068e-01 1.043700000000000044e-01
3.813099999999999823e-01 1.005400000000000044e-01
3.860999999999999988e-01 9.679000000000000103e-02
3.908800000000000052e-01 9.314999999999999669e-02
3.956799999999999762e-01 8.962000000000000521e-02
4.004900000000000126e-01 8.618000000000000660e-02
4.052799999999999736e-01 8.282000000000000473e-02
4.100199999999999956e-01 7.943999999999999673e-02
4.147000000000000131e-01 7.631999999999999895e-02
4.193000000000000060e-01 7.331999999999999629e-02
4.239499999999999935e-01 7.038999999999999424e-02
4.285900000000000265e-01 6.748999999999999444e-02
4.331800000000000095e-01 6.468999999999999750e-02
4.377400000000000180e-01 6.205999999999999711e-02
4.421700000000000075e-01 5.949999999999999734e-02
4.465399999999999925e-01 5.709000000000000186e-02
4.508800000000000030e-01 5.473999999999999699e-02
4.551999999999999935e-01 5.245999999999999969e-02
4.594599999999999795e-01 5.034000000000000280e-02
4.636899999999999911e-01 4.828000000000000347e-02
4.678399999999999781e-01 4.635999999999999843e-02
4.719099999999999961e-01 4.454000000000000320e-02
4.759399999999999742e-01 4.281999999999999695e-02
4.799700000000000077e-01 4.114999999999999908e-02
4.839800000000000213e-01 3.957999999999999713e-02
4.879800000000000249e-01 3.808000000000000274e-02
4.918600000000000194e-01 3.674000000000000182e-02
4.955999999999999850e-01 3.547000000000000153e-02
4.993199999999999861e-01 3.427000000000000185e-02
5.030400000000000427e-01 3.312999999999999973e-02
5.067599999999999882e-01 3.207999999999999741e-02
5.104800000000000448e-01 3.111999999999999836e-02
5.141400000000000414e-01 3.026999999999999830e-02
5.177500000000000435e-01 2.943000000000000130e-02
5.211799999999999766e-01 2.867000000000000104e-02
5.243600000000000483e-01 2.798000000000000140e-02
5.275699999999999834e-01 2.738000000000000156e-02
5.309099999999999930e-01 2.688000000000000111e-02
5.342400000000000482e-01 2.647000000000000047e-02
5.375400000000000178e-01 2.603000000000000105e-02
5.406999999999999584e-01 2.562000000000000041e-02
5.436400000000000121e-01 2.529999999999999957e-02
5.464799999999999658e-01 2.505999999999999894e-02
5.492700000000000360e-01 2.491000000000000159e-02
5.520300000000000207e-01 2.477000000000000035e-02
5.547900000000000054e-01 2.470999999999999933e-02
5.575299999999999701e-01 2.469999999999999973e-02
5.602599999999999802e-01 2.467000000000000096e-02
5.629699999999999704e-01 2.467000000000000096e-02
5.656700000000000061e-01 2.475000000000000117e-02
5.683300000000000018e-01 2.484000000000000097e-02
5.709600000000000231e-01 2.495999999999999955e-02
5.735299999999999843e-01 2.511000000000000038e-02
5.760300000000000420e-01 2.532999999999999835e-02
5.784899999999999487e-01 2.555999999999999939e-02
5.809499999999999664e-01 2.583999999999999839e-02
5.833899999999999642e-01 2.614000000000000004e-02
5.858200000000000074e-01 2.634999999999999842e-02
5.882199999999999651e-01 2.656999999999999987e-02
5.905599999999999739e-01 2.692999999999999908e-02
5.928499999999999881e-01 2.738000000000000156e-02
5.951100000000000279e-01 2.774000000000000077e-02
5.973399999999999821e-01 2.810999999999999957e-02
5.994899999999999674e-01 2.849000000000000143e-02
6.016099999999999781e-01 2.888999999999999901e-02
6.037799999999999834e-01 2.932999999999999843e-02
6.059799999999999631e-01 2.976000000000000173e-02
6.080999999999999739e-01 3.017999999999999849e-02
6.101799999999999446e-01 3.059999999999999873e-02
6.122300000000000519e-01 3.105000000000000121e-02
6.142600000000000282e-01 3.151999999999999941e-02
6.162800000000000500e-01 3.198000000000000148e-02
6.182699999999999863e-01 3.243000000000000049e-02
6.201999999999999735e-01 3.289000000000000257e-02
6.220900000000000318e-01 3.334999999999999770e-02
6.240099999999999536e-01 3.382000000000000284e-02
6.259599999999999609e-01 3.429000000000000103e-02
6.278299999999999992e-01 3.475000000000000311e-02
6.296300000000000230e-01 3.518999999999999906e-02
6.314300000000000468e-01 3.568999999999999950e-02
6.332400000000000251e-01 3.618999999999999995e-02
6.350799999999999779e-01 3.663999999999999896e-02
6.369599999999999707e-01 3.706000000000000266e-02
6.386800000000000255e-01 3.747999999999999943e-02
6.402400000000000313e-01 3.792000000000000232e-02
6.418800000000000061e-01 3.837000000000000133e-02
6.435899999999999954e-01 3.880999999999999728e-02
6.452299999999999702e-01 3.923999999999999710e-02
6.467800000000000216e-01 3.967999999999999999e-02
6.484100000000000419e-01 4.010999999999999982e-02
6.501500000000000057e-01 4.053999999999999965e-02
6.518300000000000205e-01 4.095000000000000029e-02
6.534400000000000208e-01 4.132999999999999868e-02
6.549599999999999866e-01 4.168999999999999789e-02
6.563799999999999635e-01 4.206000000000000016e-02
6.578600000000000003e-01 4.243999999999999856e-02
6.595800000000000551e-01 4.286999999999999839e-02
6.606600000000000250e-01 4.311000000000000248e-02
6.606100000000000305e-01 4.299000000000000044e-02
6.609699999999999465e-01 4.302000000000000268e-02
6.623799999999999688e-01 4.338000000000000189e-02
6.639599999999999946e-01 4.376000000000000029e-02
6.654700000000000060e-01 4.406000000000000194e-02
6.669500000000000428e-01 4.438000000000000278e-02
6.682900000000000507e-01 4.474000000000000199e-02
6.696400000000000130e-01 4.506000000000000283e-02
6.710599999999999898e-01 4.528999999999999693e-02
6.724799999999999667e-01 4.551999999999999796e-02
6.739000000000000545e-01 4.583000000000000268e-02
6.753000000000000114e-01 4.614000000000000046e-02
6.766499999999999737e-01 4.640999999999999986e-02
6.779600000000000071e-01 4.667000000000000315e-02
6.792399999999999549e-01 4.691000000000000031e-02
6.804799999999999738e-01 4.714999999999999747e-02
6.816799999999999526e-01 4.741000000000000075e-02
6.828899999999999970e-01 4.766000000000000097e-02
6.842099999999999849e-01 4.789999999999999813e-02
6.855499999999999927e-01 4.814000000000000223e-02
6.867600000000000371e-01 4.841000000000000164e-02
6.879499999999999504e-01 4.868999999999999717e-02
6.892000000000000348e-01 4.891999999999999821e-02
6.904700000000000282e-01 4.913000000000000006e-02
6.917400000000000215e-01 4.936999999999999722e-02
6.929999999999999494e-01 4.961999999999999744e-02
6.942500000000000338e-01 4.984000000000000236e-02
6.954700000000000326e-01 5.004999999999999727e-02
6.965999999999999970e-01 5.027999999999999831e-02
6.976700000000000124e-01 5.052000000000000240e-02
6.988499999999999712e-01 5.075999999999999956e-02
7.000699999999999701e-01 5.097999999999999754e-02
7.011800000000000255e-01 5.106000000000000122e-02
7.022399999999999753e-01 5.108000000000000040e-02
7.033500000000000307e-01 5.127999999999999919e-02
7.044799999999999951e-01 5.158999999999999697e-02
7.054599999999999760e-01 5.188000000000000250e-02
7.063399999999999679e-01 5.217000000000000109e-02
7.073399999999999688e-01 5.238000000000000295e-02
7.084300000000000042e-01 5.253000000000000030e-02
7.094500000000000250e-01 5.274000000000000216e-02
7.104000000000000314e-01 5.299999999999999850e-02
7.113599999999999923e-01 5.324000000000000260e-02
7.123199999999999532e-01 5.344000000000000139e-02
7.132600000000000051e-01 5.362999999999999712e-02
7.141999999999999460e-01 5.380000000000000060e-02
7.151399999999999979e-01 5.399999999999999939e-02
7.160900000000000043e-01 5.421999999999999736e-02
7.170400000000000107e-01 5.446000000000000146e-02
7.179699999999999971e-01 5.469000000000000250e-02
7.188799999999999635e-01 5.491999999999999660e-02
7.197700000000000209e-01 5.512999999999999845e-02
7.206599999999999673e-01 5.535000000000000336e-02
7.215599999999999792e-01 5.557000000000000134e-02
7.224300000000000166e-01 5.580000000000000238e-02
7.232600000000000140e-01 5.603000000000000341e-02
7.240699999999999914e-01 5.627000000000000057e-02
7.248400000000000398e-01 5.650999999999999773e-02
7.256700000000000372e-01 5.673000000000000265e-02
7.266099999999999781e-01 5.693999999999999756e-02
7.274500000000000410e-01 5.718000000000000166e-02
7.280900000000000150e-01 5.750000000000000250e-02
7.287900000000000489e-01 5.777000000000000191e-02
7.296799999999999953e-01 5.795000000000000151e-02
7.305099999999999927e-01 5.816000000000000336e-02
7.311299999999999466e-01 5.845000000000000195e-02
7.317700000000000315e-01 5.874000000000000055e-02
7.325399999999999689e-01 5.900999999999999995e-02
7.332899999999999974e-01 5.926000000000000018e-02
7.339400000000000368e-01 5.945999999999999897e-02
7.345800000000000107e-01 5.965999999999999776e-02
7.352199999999999847e-01 5.990999999999999798e-02
7.358700000000000241e-01 6.017999999999999738e-02
7.365899999999999670e-01 6.044000000000000067e-02
7.372999999999999554e-01 6.069999999999999701e-02
7.379900000000000349e-01 6.097000000000000336e-02
7.386599999999999833e-01 6.124000000000000277e-02
7.393300000000000427e-01 6.149000000000000299e-02
7.399599999999999511e-01 6.174999999999999933e-02
7.404800000000000271e-01 6.201999999999999874e-02
7.409700000000000175e-01 6.228999999999999815e-02
7.415699999999999514e-01 6.260000000000000286e-02
7.421900000000000164e-01 6.290999999999999370e-02
7.428099999999999703e-01 6.314999999999999780e-02
7.433800000000000407e-01 6.338000000000000578e-02
7.438000000000000167e-01 6.364999999999999825e-02
7.441900000000000182e-01 6.395000000000000684e-02
7.447599999999999776e-01 6.425999999999999768e-02
7.454100000000000170e-01 6.457000000000000239e-02
7.460400000000000365e-01 6.486999999999999711e-02
7.466500000000000359e-01 6.514999999999999958e-02
7.471299999999999608e-01 6.539999999999999980e-02
7.475600000000000023e-01 6.564000000000000390e-02
7.481799999999999562e-01 6.594999999999999474e-02
7.488799999999999901e-01 6.629000000000000170e-02
7.493300000000000516e-01 6.654999999999999805e-02
7.496300000000000185e-01 6.675999999999999990e-02
7.500299999999999745e-01 6.703000000000000624e-02
7.505199999999999649e-01 6.734999999999999321e-02
7.510799999999999699e-01 6.764000000000000568e-02
7.517099999999999893e-01 6.790999999999999814e-02
7.521900000000000253e-01 6.818000000000000449e-02
7.525500000000000522e-01 6.844999999999999696e-02
7.530000000000000027e-01 6.872999999999999943e-02
7.535100000000000131e-01 6.902999999999999414e-02
7.539799999999999836e-01 6.930000000000000049e-02
7.544100000000000250e-01 6.955000000000000071e-02
7.548500000000000210e-01 6.979000000000000481e-02
7.553100000000000369e-01 7.001000000000000278e-02
7.557399999999999674e-01 7.025000000000000688e-02
7.561299999999999688e-01 7.048999999999999710e-02
7.565499999999999448e-01 7.076000000000000345e-02
7.570200000000000262e-01 7.108000000000000429e-02
7.574400000000000022e-01 7.131999999999999451e-02
7.578099999999999836e-01 7.147000000000000575e-02
7.582499999999999796e-01 7.165000000000000535e-02
7.588200000000000500e-01 7.190000000000000557e-02
7.593400000000000150e-01 7.213999999999999579e-02
7.597899999999999654e-01 7.237000000000000377e-02
7.602400000000000269e-01 7.259999999999999787e-02
7.607399999999999718e-01 7.281999999999999584e-02
7.611299999999999732e-01 7.302000000000000157e-02
7.613199999999999967e-01 7.313999999999999668e-02
7.616899999999999782e-01 7.331000000000000016e-02
7.624300000000000521e-01 7.355000000000000426e-02
7.631000000000000005e-01 7.377999999999999836e-02
7.635100000000000220e-01 7.396999999999999409e-02
7.639000000000000234e-01 7.414999999999999369e-02
7.643100000000000449e-01 7.432999999999999330e-02
7.647899999999999698e-01 7.449999999999999678e-02
7.654400000000000093e-01 7.467000000000000026e-02
7.660500000000000087e-01 7.481000000000000150e-02
7.664699999999999847e-01 7.491000000000000436e-02
7.668700000000000516e-01 7.503999999999999559e-02
7.673299999999999566e-01 7.527999999999999969e-02
7.678300000000000125e-01 7.549000000000000155e-02
7.683699999999999974e-01 7.556000000000000216e-02
7.689000000000000279e-01 7.559000000000000441e-02
7.693400000000000238e-01 7.570999999999999952e-02
7.697399999999999798e-01 7.584000000000000463e-02
7.700799999999999867e-01 7.599999999999999811e-02
7.705100000000000282e-01 7.614999999999999547e-02
7.712700000000000111e-01 7.623000000000000609e-02
7.721000000000000085e-01 7.628000000000000058e-02
7.726499999999999480e-01 7.636999999999999345e-02
7.730900000000000549e-01 7.646000000000000019e-02
7.736100000000000199e-01 7.649000000000000243e-02
7.741200000000000303e-01 7.650999999999999468e-02
7.745199999999999863e-01 7.660000000000000142e-02
7.749099999999999877e-01 7.671000000000000041e-02
7.754699999999999926e-01 7.674999999999999878e-02
7.761000000000000121e-01 7.675999999999999490e-02
7.765900000000000025e-01 7.681999999999999940e-02
7.769899999999999585e-01 7.689000000000000001e-02
7.774400000000000199e-01 7.689999999999999614e-02
7.779199999999999449e-01 7.688000000000000389e-02
7.785600000000000298e-01 7.688000000000000389e-02
7.792900000000000382e-01 7.689000000000000001e-02
7.798399999999999777e-01 7.685000000000000164e-02
7.802700000000000191e-01 7.679999999999999327e-02
7.808000000000000496e-01 7.678000000000000103e-02
7.813900000000000290e-01 7.678000000000000103e-02
7.819800000000000084e-01 7.677000000000000490e-02
7.825600000000000334e-01 7.675999999999999490e-02
7.831900000000000528e-01 7.671999999999999653e-02
7.838500000000000467e-01 7.664999999999999591e-02
7.844100000000000517e-01 7.657999999999999530e-02
7.848699999999999566e-01 7.649000000000000243e-02
7.854200000000000070e-01 7.642999999999999794e-02
7.860599999999999810e-01 7.636999999999999345e-02
7.866699999999999804e-01 7.631000000000000283e-02
7.872400000000000508e-01 7.623000000000000609e-02
7.877600000000000158e-01 7.613000000000000322e-02
7.882200000000000317e-01 7.600999999999999424e-02
7.887199999999999767e-01 7.591000000000000525e-02
7.893000000000000016e-01 7.584000000000000463e-02
7.899300000000000210e-01 7.574000000000000177e-02
7.906400000000000095e-01 7.560000000000000053e-02
7.913099999999999579e-01 7.548000000000000542e-02
7.919199999999999573e-01 7.537000000000000643e-02
7.925200000000000022e-01 7.524999999999999745e-02
7.931200000000000472e-01 7.506999999999999784e-02
7.936699999999999866e-01 7.491000000000000436e-02
7.941000000000000281e-01 7.481000000000000150e-02
7.946499999999999675e-01 7.471999999999999476e-02
7.954599999999999449e-01 7.462000000000000577e-02
7.962399999999999478e-01 7.448000000000000453e-02
7.968600000000000128e-01 7.427999999999999881e-02
7.974299999999999722e-01 7.406999999999999695e-02
7.979899999999999771e-01 7.385999999999999510e-02
7.985100000000000531e-01 7.366999999999999937e-02
7.989800000000000235e-01 7.352999999999999814e-02
7.994499999999999940e-01 7.337000000000000466e-02
7.999500000000000499e-01 7.316000000000000281e-02
8.004999999999999893e-01 7.295999999999999708e-02
8.011099999999999888e-01 7.284999999999999809e-02
8.017199999999999882e-01 7.273999999999999910e-02
8.022399999999999531e-01 7.258000000000000562e-02
8.027400000000000091e-01 7.241000000000000214e-02
8.032700000000000395e-01 7.220999999999999641e-02
8.038100000000000245e-01 7.202000000000000068e-02
8.043799999999999839e-01 7.184999999999999720e-02
8.049500000000000544e-01 7.169000000000000372e-02
8.054599999999999538e-01 7.155000000000000249e-02
8.059399999999999897e-01 7.141000000000000125e-02
8.063900000000000512e-01 7.123999999999999777e-02
8.068499999999999561e-01 7.106999999999999429e-02
8.074700000000000211e-01 7.094999999999999918e-02
8.081199999999999495e-01 7.084000000000000019e-02
8.086400000000000254e-01 7.073000000000000120e-02
8.090800000000000214e-01 7.061000000000000609e-02
8.095200000000000173e-01 7.044999999999999873e-02
8.099600000000000133e-01 7.027999999999999525e-02
8.104900000000000437e-01 7.018000000000000627e-02
8.110399999999999832e-01 7.011000000000000565e-02
8.114500000000000046e-01 6.998999999999999666e-02
8.117799999999999461e-01 6.986000000000000543e-02
8.122500000000000275e-01 6.976000000000000256e-02
8.127999999999999670e-01 6.966999999999999582e-02
8.133500000000000174e-01 6.954000000000000459e-02
8.138999999999999568e-01 6.937999999999999723e-02
8.142700000000000493e-01 6.926000000000000212e-02
8.145099999999999563e-01 6.915999999999999925e-02
8.149399999999999977e-01 6.904000000000000414e-02
8.155099999999999572e-01 6.890000000000000291e-02
8.160100000000000131e-01 6.882000000000000617e-02
8.164700000000000291e-01 6.877999999999999392e-02
8.168900000000000050e-01 6.872000000000000330e-02
8.172700000000000520e-01 6.862999999999999656e-02
8.176299999999999679e-01 6.854999999999999982e-02
8.179600000000000204e-01 6.848999999999999533e-02
8.182300000000000129e-01 6.840999999999999859e-02
8.184399999999999453e-01 6.832000000000000572e-02
8.187600000000000433e-01 6.826999999999999735e-02
8.192199999999999482e-01 6.826999999999999735e-02
8.196099999999999497e-01 6.827999999999999348e-02
8.199199999999999822e-01 6.829000000000000348e-02
8.202099999999999946e-01 6.827999999999999348e-02
8.204700000000000326e-01 6.825000000000000511e-02
8.208499999999999686e-01 6.825000000000000511e-02
8.214000000000000190e-01 6.830999999999999572e-02
8.217499999999999805e-01 6.834999999999999409e-02
8.217700000000000005e-01 6.833999999999999797e-02
8.218600000000000350e-01 6.837999999999999634e-02
8.221699999999999564e-01 6.850000000000000533e-02
8.224500000000000144e-01 6.859999999999999432e-02
8.226499999999999924e-01 6.859999999999999432e-02
8.227900000000000214e-01 6.862999999999999656e-02
8.228600000000000358e-01 6.876999999999999780e-02
8.229600000000000248e-01 6.890999999999999903e-02
8.231800000000000228e-01 6.902999999999999414e-02
8.233599999999999808e-01 6.915999999999999925e-02
8.234099999999999753e-01 6.933000000000000274e-02
8.235000000000000098e-01 6.951000000000000234e-02
8.237900000000000222e-01 6.969999999999999807e-02
8.240100000000000202e-01 6.987999999999999767e-02
8.239499999999999602e-01 7.005000000000000115e-02
8.238499999999999712e-01 7.023000000000000076e-02
8.239300000000000512e-01 7.047000000000000486e-02
8.240300000000000402e-01 7.070999999999999508e-02
8.240499999999999492e-01 7.091999999999999693e-02
8.240699999999999692e-01 7.112000000000000266e-02
8.241199999999999637e-01 7.134999999999999676e-02
8.241699999999999582e-01 7.159999999999999698e-02
8.241899999999999782e-01 7.187000000000000333e-02
8.242000000000000437e-01 7.216999999999999804e-02
8.242199999999999527e-01 7.248999999999999888e-02
8.241899999999999782e-01 7.283000000000000584e-02
8.239900000000000002e-01 7.317999999999999505e-02
8.237400000000000277e-01 7.353999999999999426e-02
8.236700000000000133e-01 7.385999999999999510e-02
8.236700000000000133e-01 7.417999999999999594e-02
8.236200000000000188e-01 7.456000000000000127e-02
8.235400000000000498e-01 7.496999999999999498e-02
8.234399999999999498e-01 7.535000000000000031e-02
8.233200000000000518e-01 7.574000000000000177e-02
8.231800000000000228e-01 7.617999999999999772e-02
8.230100000000000193e-01 7.664999999999999591e-02
8.228199999999999958e-01 7.710999999999999799e-02
8.225999999999999979e-01 7.757000000000000006e-02
8.223799999999999999e-01 7.804999999999999438e-02
8.221399999999999819e-01 7.853000000000000258e-02
8.219499999999999584e-01 7.900999999999999690e-02
8.217799999999999550e-01 7.949000000000000510e-02
8.215599999999999570e-01 8.001999999999999391e-02
8.213099999999999845e-01 8.057000000000000273e-02
8.210699999999999665e-01 8.112999999999999379e-02
8.208400000000000141e-01 8.168999999999999873e-02
8.204799999999999871e-01 8.222000000000000142e-02
8.199899999999999967e-01 8.272999999999999798e-02
8.196499999999999897e-01 8.329999999999999905e-02
8.194599999999999662e-01 8.394999999999999685e-02
8.191599999999999993e-01 8.459999999999999465e-02
8.187400000000000233e-01 8.525000000000000633e-02
8.183700000000000419e-01 8.587999999999999801e-02
8.180699999999999639e-01 8.648999999999999744e-02
8.177799999999999514e-01 8.712999999999999912e-02
8.175099999999999589e-01 8.781999999999999529e-02
8.171599999999999975e-01 8.849999999999999534e-02
8.166799999999999615e-01 8.917999999999999539e-02
8.161899999999999711e-01 8.985999999999999543e-02
8.156799999999999606e-01 9.056999999999999773e-02
8.152199999999999447e-01 9.124999999999999778e-02
8.148400000000000087e-01 9.189999999999999558e-02
8.144700000000000273e-01 9.256000000000000338e-02
8.140699999999999603e-01 9.322999999999999343e-02
8.136600000000000499e-01 9.392999999999999960e-02
8.131899999999999684e-01 9.465999999999999415e-02
8.127600000000000380e-01 9.538000000000000644e-02
8.124200000000000310e-01 9.607000000000000262e-02
8.120500000000000496e-01 9.676999999999999491e-02
8.115499999999999936e-01 9.751999999999999558e-02
8.110500000000000487e-01 9.828000000000000624e-02
8.106100000000000527e-01 9.900000000000000466e-02
8.101399999999999713e-01 9.973999999999999533e-02
8.095599999999999463e-01 1.005100000000000021e-01
8.089899999999999869e-01 1.012699999999999989e-01
8.084999999999999964e-01 1.019700000000000051e-01
8.080199999999999605e-01 1.026799999999999935e-01
8.075799999999999645e-01 1.034700000000000064e-01
8.071000000000000396e-01 1.042799999999999977e-01
8.065200000000000147e-01 1.050800000000000067e-01
8.059399999999999897e-01 1.058700000000000058e-01
8.054700000000000193e-01 1.066799999999999971e-01
8.050000000000000488e-01 1.074699999999999961e-01
8.043700000000000294e-01 1.082000000000000045e-01
8.037100000000000355e-01 1.089399999999999952e-01
8.032399999999999540e-01 1.097899999999999987e-01
8.028199999999999781e-01 1.106599999999999945e-01
8.023299999999999876e-01 1.114499999999999935e-01
8.018100000000000227e-01 1.121999999999999942e-01
8.012700000000000378e-01 1.129700000000000010e-01
8.007100000000000328e-01 1.137500000000000039e-01
8.001399999999999624e-01 1.145599999999999952e-01
7.995799999999999574e-01 1.153900000000000065e-01
7.990800000000000125e-01 1.162099999999999939e-01
7.986199999999999966e-01 1.170299999999999951e-01
7.980500000000000371e-01 1.178199999999999942e-01
7.974400000000000377e-01 1.186099999999999932e-01
7.969300000000000272e-01 1.194400000000000045e-01
7.964900000000000313e-01 1.202899999999999942e-01
7.959600000000000009e-01 1.210699999999999971e-01
7.953900000000000414e-01 1.218000000000000055e-01
7.948699999999999655e-01 1.225399999999999961e-01
7.943900000000000405e-01 1.232899999999999968e-01
7.938800000000000301e-01 1.240699999999999997e-01
7.933400000000000452e-01 1.248900000000000010e-01
7.928600000000000092e-01 1.256899999999999962e-01
7.924200000000000133e-01 1.264800000000000091e-01
7.918899999999999828e-01 1.272199999999999998e-01
7.912700000000000289e-01 1.279299999999999882e-01
7.907800000000000384e-01 1.286599999999999966e-01
7.904099999999999460e-01 1.294299999999999895e-01
7.899800000000000155e-01 1.302000000000000102e-01
7.894799999999999596e-01 1.309700000000000031e-01
7.889699999999999491e-01 1.316900000000000015e-01
7.884100000000000552e-01 1.323400000000000132e-01
7.879599999999999937e-01 1.330199999999999994e-01
7.876400000000000068e-01 1.337399999999999978e-01
7.872400000000000508e-01 1.344400000000000039e-01
7.867499999999999494e-01 1.351100000000000079e-01
7.862799999999999789e-01 1.357700000000000018e-01
7.858399999999999830e-01 1.364599999999999980e-01
7.854600000000000470e-01 1.371100000000000096e-01
7.851399999999999491e-01 1.376900000000000068e-01
7.847899999999999876e-01 1.383000000000000063e-01
7.843700000000000117e-01 1.389700000000000102e-01
7.839599999999999902e-01 1.396000000000000019e-01
7.835900000000000087e-01 1.401499999999999968e-01
7.831900000000000528e-01 1.407100000000000017e-01
7.826699999999999768e-01 1.413500000000000034e-01
7.822599999999999554e-01 1.419700000000000129e-01
7.821000000000000174e-01 1.425099999999999978e-01
7.819399999999999684e-01 1.430200000000000082e-01
7.816600000000000215e-01 1.435099999999999987e-01
7.813499999999999890e-01 1.439999999999999891e-01
7.810300000000000020e-01 1.445200000000000096e-01
7.807100000000000151e-01 1.450400000000000023e-01
7.804200000000000026e-01 1.455500000000000127e-01
7.801399999999999446e-01 1.460400000000000031e-01
7.798500000000000432e-01 1.464999999999999913e-01
7.795999999999999597e-01 1.469300000000000050e-01
7.794499999999999762e-01 1.473099999999999965e-01
7.793200000000000127e-01 1.476800000000000057e-01
7.791000000000000147e-01 1.480499999999999872e-01
7.788599999999999968e-01 1.484300000000000064e-01
7.786399999999999988e-01 1.488299999999999901e-01
7.784499999999999753e-01 1.492199999999999915e-01
7.783400000000000318e-01 1.495900000000000007e-01
7.782499999999999973e-01 1.499399999999999900e-01
7.781299999999999883e-01 1.502400000000000124e-01
7.779899999999999594e-01 1.505100000000000049e-01
7.778100000000000014e-01 1.507999999999999896e-01
7.776199999999999779e-01 1.510900000000000021e-01
7.774799999999999489e-01 1.513799999999999868e-01
7.773799999999999599e-01 1.516699999999999993e-01
7.773400000000000309e-01 1.519199999999999995e-01
7.773299999999999654e-01 1.521399999999999975e-01
7.772400000000000420e-01 1.523400000000000032e-01
7.771299999999999875e-01 1.525299999999999989e-01
7.771299999999999875e-01 1.527300000000000046e-01
7.771900000000000475e-01 1.529300000000000104e-01
7.772499999999999964e-01 1.531299999999999883e-01
7.772999999999999909e-01 1.533299999999999941e-01
7.772999999999999909e-01 1.534800000000000053e-01
7.772499999999999964e-01 1.536099999999999965e-01
7.772499999999999964e-01 1.537199999999999955e-01
7.773099999999999454e-01 1.538100000000000023e-01
7.774600000000000399e-01 1.539000000000000090e-01
7.776899999999999924e-01 1.539899999999999880e-01
7.778000000000000469e-01 1.540400000000000102e-01
7.778199999999999559e-01 1.540700000000000125e-01
7.779199999999999449e-01 1.540799999999999947e-01
7.781099999999999683e-01 1.540600000000000025e-01
7.783400000000000318e-01 1.540600000000000025e-01
7.786399999999999988e-01 1.540900000000000047e-01
7.788699999999999513e-01 1.540999999999999870e-01
7.790399999999999547e-01 1.540799999999999947e-01
7.791799999999999837e-01 1.540400000000000102e-01
7.792799999999999727e-01 1.539600000000000135e-01
7.795299999999999452e-01 1.538400000000000045e-01
7.800099999999999811e-01 1.536500000000000088e-01
7.803299999999999681e-01 1.534500000000000031e-01
7.804100000000000481e-01 1.532399999999999873e-01
7.806100000000000261e-01 1.530400000000000094e-01
7.810500000000000220e-01 1.528700000000000059e-01
7.814600000000000435e-01 1.526299999999999879e-01
7.817699999999999649e-01 1.522799999999999987e-01
7.821099999999999719e-01 1.519800000000000040e-01
7.824999999999999734e-01 1.518200000000000105e-01
7.829199999999999493e-01 1.516299999999999870e-01
7.833599999999999453e-01 1.513299999999999923e-01
7.838000000000000522e-01 1.509900000000000131e-01
7.842200000000000282e-01 1.506299999999999861e-01
7.846400000000000041e-01 1.502799999999999969e-01
7.850300000000000056e-01 1.500199999999999867e-01
7.854600000000000470e-01 1.496899999999999897e-01
7.859300000000000175e-01 1.491099999999999925e-01
7.864299999999999624e-01 1.485499999999999876e-01
7.869399999999999729e-01 1.482100000000000084e-01
7.874400000000000288e-01 1.478700000000000014e-01
7.879199999999999537e-01 1.474300000000000055e-01
7.884100000000000552e-01 1.469300000000000050e-01
7.889199999999999546e-01 1.464100000000000124e-01
7.894600000000000506e-01 1.458899999999999919e-01
7.901000000000000245e-01 1.454000000000000015e-01
7.907600000000000184e-01 1.449000000000000010e-01
7.913799999999999724e-01 1.442599999999999993e-01
7.919500000000000428e-01 1.436300000000000077e-01
7.924400000000000333e-01 1.431600000000000095e-01
7.929300000000000237e-01 1.427799999999999903e-01
7.935600000000000431e-01 1.424700000000000133e-01
7.942500000000000115e-01 1.421199999999999963e-01
7.949100000000000055e-01 1.415099999999999969e-01
7.955499999999999794e-01 1.407599999999999962e-01
7.961700000000000443e-01 1.399900000000000033e-01
7.968100000000000183e-01 1.392200000000000104e-01
7.975900000000000212e-01 1.385099999999999942e-01
7.984200000000000186e-01 1.378500000000000003e-01
7.990099999999999980e-01 1.372099999999999986e-01
7.994799999999999685e-01 1.365800000000000070e-01
8.001500000000000279e-01 1.358499999999999985e-01
8.009300000000000308e-01 1.350699999999999956e-01
8.016600000000000392e-01 1.344400000000000039e-01
8.023599999999999621e-01 1.338799999999999990e-01
8.030800000000000161e-01 1.331100000000000061e-01
8.038100000000000245e-01 1.321900000000000019e-01
8.044999999999999929e-01 1.314500000000000113e-01
8.051800000000000068e-01 1.308400000000000118e-01
8.059300000000000352e-01 1.301499999999999879e-01
8.067600000000000326e-01 1.293999999999999873e-01
8.075799999999999645e-01 1.286599999999999966e-01
8.083900000000000530e-01 1.279399999999999982e-01
8.091599999999999904e-01 1.271700000000000053e-01
8.098600000000000243e-01 1.263299999999999979e-01
8.106600000000000472e-01 1.254099999999999937e-01
8.115599999999999481e-01 1.243900000000000006e-01
8.123700000000000365e-01 1.235200000000000048e-01
8.130600000000000049e-01 1.228100000000000025e-01
8.138100000000000334e-01 1.220699999999999980e-01
8.146700000000000053e-01 1.212700000000000028e-01
8.155299999999999772e-01 1.203899999999999970e-01
8.163799999999999946e-01 1.193899999999999961e-01
8.171800000000000175e-01 1.185100000000000042e-01
8.178900000000000059e-01 1.178300000000000042e-01
8.186600000000000543e-01 1.170999999999999958e-01
8.195400000000000462e-01 1.162699999999999984e-01
8.204299999999999926e-01 1.153600000000000042e-01
8.213399999999999590e-01 1.143300000000000011e-01
8.222099999999999964e-01 1.133600000000000024e-01
8.230199999999999738e-01 1.125300000000000050e-01
8.238100000000000422e-01 1.117800000000000044e-01
8.246099999999999541e-01 1.111499999999999988e-01
8.254099999999999770e-01 1.104200000000000043e-01
8.262199999999999545e-01 1.093999999999999972e-01
8.270100000000000229e-01 1.083999999999999964e-01
8.277299999999999658e-01 1.075600000000000028e-01
8.284899999999999487e-01 1.067899999999999960e-01
8.294000000000000261e-01 1.061099999999999960e-01
8.302599999999999980e-01 1.053899999999999976e-01
8.309400000000000119e-01 1.045500000000000040e-01
8.316000000000000059e-01 1.036200000000000038e-01
8.323599999999999888e-01 1.025800000000000045e-01
8.331100000000000172e-01 1.015299999999999953e-01
8.337599999999999456e-01 1.006100000000000050e-01
8.344099999999999850e-01 9.976000000000000145e-02
8.352199999999999624e-01 9.900000000000000466e-02
8.360699999999999799e-01 9.823999999999999400e-02
8.369299999999999518e-01 9.740999999999999659e-02
8.377700000000000147e-01 9.647000000000000020e-02
8.385399999999999521e-01 9.525000000000000133e-02
8.392800000000000260e-01 9.406000000000000472e-02
8.400800000000000489e-01 9.356000000000000427e-02
8.408400000000000318e-01 9.328000000000000180e-02
8.414000000000000368e-01 9.242999999999999827e-02
8.418600000000000527e-01 9.142999999999999738e-02
8.424700000000000522e-01 9.088000000000000245e-02
8.431400000000000006e-01 9.050999999999999324e-02
8.437799999999999745e-01 8.982999999999999319e-02
8.444000000000000394e-01 8.901000000000000578e-02
8.449799999999999534e-01 8.822000000000000675e-02
8.455300000000000038e-01 8.744999999999999996e-02
8.461699999999999777e-01 8.680999999999999828e-02
8.468499999999999917e-01 8.626999999999999946e-02
8.474500000000000366e-01 8.588999999999999413e-02
8.479799999999999560e-01 8.558999999999999941e-02
8.484300000000000175e-01 8.490000000000000324e-02
8.488200000000000189e-01 8.391999999999999460e-02
8.492499999999999494e-01 8.329000000000000292e-02
8.497200000000000308e-01 8.290999999999999759e-02
8.502300000000000413e-01 8.228000000000000591e-02
8.507700000000000262e-01 8.146000000000000463e-02
8.512699999999999712e-01 8.096000000000000418e-02
8.517000000000000126e-01 8.075999999999999845e-02
8.520799999999999486e-01 8.049000000000000599e-02
8.524100000000000010e-01 8.014999999999999902e-02
8.527400000000000535e-01 7.971000000000000307e-02
8.531100000000000350e-01 7.917000000000000426e-02
8.534399999999999764e-01 7.870000000000000606e-02
8.537500000000000089e-01 7.831000000000000461e-02
8.539900000000000269e-01 7.799000000000000377e-02
8.541699999999999848e-01 7.774000000000000354e-02
8.543500000000000538e-01 7.747999999999999332e-02
8.545500000000000318e-01 7.720000000000000473e-02
8.547700000000000298e-01 7.693999999999999451e-02
8.550100000000000477e-01 7.668999999999999428e-02
8.551900000000000057e-01 7.650999999999999468e-02
8.552499999999999547e-01 7.642999999999999794e-02
8.553399999999999892e-01 7.628000000000000058e-02
8.555300000000000127e-01 7.599000000000000199e-02
8.557200000000000362e-01 7.574999999999999789e-02
8.558900000000000396e-01 7.563000000000000278e-02
8.559999999999999831e-01 7.555000000000000604e-02
8.559999999999999831e-01 7.553999999999999604e-02
8.559999999999999831e-01 7.549999999999999767e-02
8.560900000000000176e-01 7.535999999999999643e-02
8.561299999999999466e-01 7.524999999999999745e-02
8.560200000000000031e-01 7.523000000000000520e-02
8.558999999999999941e-01 7.524999999999999745e-02
8.558299999999999796e-01 7.525999999999999357e-02
8.557599999999999651e-01 7.531000000000000194e-02
8.556700000000000417e-01 7.538000000000000256e-02
8.555599999999999872e-01 7.549999999999999767e-02
8.553800000000000292e-01 7.571999999999999564e-02
8.551600000000000312e-01 7.598000000000000587e-02
8.548900000000000388e-01 7.624999999999999833e-02
8.545800000000000063e-01 7.649999999999999856e-02
8.541800000000000503e-01 7.663999999999999979e-02
8.537900000000000489e-01 7.678999999999999715e-02
8.535000000000000364e-01 7.714999999999999636e-02
8.532399999999999984e-01 7.756000000000000394e-02
8.528799999999999715e-01 7.788000000000000478e-02
8.524800000000000155e-01 7.817000000000000337e-02
8.520600000000000396e-01 7.849000000000000421e-02
8.516399999999999526e-01 7.885000000000000342e-02
8.512999999999999456e-01 7.933999999999999386e-02
8.509799999999999587e-01 7.989000000000000268e-02
8.505200000000000538e-01 8.036000000000000087e-02
8.499900000000000233e-01 8.079999999999999682e-02
8.494599999999999929e-01 8.126999999999999502e-02
8.489299999999999624e-01 8.176999999999999547e-02
8.484599999999999920e-01 8.235000000000000653e-02
8.479999999999999760e-01 8.298999999999999433e-02
8.474000000000000421e-01 8.358999999999999764e-02
8.467099999999999627e-01 8.416999999999999482e-02
8.460199999999999942e-01 8.476999999999999813e-02
8.453199999999999603e-01 8.540000000000000369e-02
8.446399999999999464e-01 8.605999999999999761e-02
8.439799999999999525e-01 8.676000000000000378e-02
8.432500000000000551e-01 8.752000000000000057e-02
8.424599999999999866e-01 8.833000000000000573e-02
8.417299999999999782e-01 8.912000000000000477e-02
8.410300000000000553e-01 8.988000000000000156e-02
8.403000000000000469e-01 9.063999999999999835e-02
8.395299999999999985e-01 9.138000000000000289e-02
8.387099999999999556e-01 9.216000000000000580e-02
8.378499999999999837e-01 9.297999999999999321e-02
8.370600000000000263e-01 9.386999999999999511e-02
8.363800000000000123e-01 9.482999999999999763e-02
8.355399999999999494e-01 9.575999999999999790e-02
8.345299999999999940e-01 9.662999999999999368e-02
8.335500000000000131e-01 9.753000000000000558e-02
8.326200000000000268e-01 9.847000000000000197e-02
8.316799999999999748e-01 9.941999999999999449e-02
8.306999999999999940e-01 1.003700000000000009e-01
8.297499999999999876e-01 1.013499999999999956e-01
8.288400000000000212e-01 1.023600000000000065e-01
8.279499999999999638e-01 1.034000000000000058e-01
8.270999999999999464e-01 1.044599999999999973e-01
8.262100000000000000e-01 1.055200000000000027e-01
8.252399999999999736e-01 1.065600000000000019e-01
8.241899999999999782e-01 1.076399999999999996e-01
8.230399999999999938e-01 1.087899999999999978e-01
8.219199999999999839e-01 1.099299999999999999e-01
8.208900000000000086e-01 1.110300000000000037e-01
8.199100000000000277e-01 1.121400000000000036e-01
8.189800000000000413e-01 1.132699999999999957e-01
8.180500000000000549e-01 1.144199999999999939e-01
8.171000000000000485e-01 1.155700000000000061e-01
8.161199999999999566e-01 1.167099999999999943e-01
8.150600000000000067e-01 1.178400000000000003e-01
8.139499999999999513e-01 1.189700000000000063e-01
8.127799999999999470e-01 1.200999999999999984e-01
8.116100000000000536e-01 1.212700000000000028e-01
8.105200000000000182e-01 1.224900000000000017e-01
8.094500000000000028e-01 1.237300000000000066e-01
8.083799999999999875e-01 1.249399999999999955e-01
8.073000000000000176e-01 1.261500000000000121e-01
8.061700000000000532e-01 1.273400000000000087e-01
8.050199999999999578e-01 1.285300000000000054e-01
8.038399999999999990e-01 1.297200000000000020e-01
8.026799999999999491e-01 1.309299999999999908e-01
8.016600000000000392e-01 1.321599999999999997e-01
8.006600000000000383e-01 1.333900000000000086e-01
7.995100000000000540e-01 1.345699999999999952e-01
7.983200000000000296e-01 1.357500000000000095e-01
7.973000000000000087e-01 1.369700000000000084e-01
7.963400000000000478e-01 1.382099999999999995e-01
7.953500000000000014e-01 1.394299999999999984e-01
7.943200000000000260e-01 1.406399999999999872e-01
7.931599999999999762e-01 1.417899999999999994e-01
7.919599999999999973e-01 1.429300000000000015e-01
7.908800000000000274e-01 1.441199999999999981e-01
7.898800000000000265e-01 1.453299999999999870e-01
7.888600000000000056e-01 1.465599999999999958e-01
7.878300000000000303e-01 1.477799999999999947e-01
7.867899999999999894e-01 1.489300000000000068e-01
7.857399999999999940e-01 1.500199999999999867e-01
7.846899999999999986e-01 1.510799999999999921e-01
7.836499999999999577e-01 1.521299999999999875e-01
7.826400000000000023e-01 1.532399999999999873e-01
7.816400000000000015e-01 1.543899999999999995e-01
7.805600000000000316e-01 1.555700000000000138e-01
7.793999999999999817e-01 1.567699999999999927e-01
7.784100000000000463e-01 1.578900000000000026e-01
7.775800000000000489e-01 1.589399999999999979e-01
7.767500000000000515e-01 1.599899999999999933e-01
7.759300000000000086e-01 1.610199999999999965e-01
7.750299999999999967e-01 1.620800000000000018e-01
7.740500000000000158e-01 1.631499999999999895e-01
7.731799999999999784e-01 1.640999999999999959e-01
7.724699999999999900e-01 1.648900000000000088e-01
7.717000000000000526e-01 1.658000000000000029e-01
7.708500000000000352e-01 1.668800000000000006e-01
7.699599999999999778e-01 1.679299999999999959e-01
7.690399999999999459e-01 1.689299999999999968e-01
7.681299999999999795e-01 1.698600000000000110e-01
7.672299999999999676e-01 1.706900000000000084e-01
7.663999999999999702e-01 1.715599999999999903e-01
7.656800000000000272e-01 1.724999999999999867e-01
7.649500000000000188e-01 1.733899999999999886e-01
7.641900000000000359e-01 1.741999999999999937e-01
7.634499999999999620e-01 1.750099999999999989e-01
7.627399999999999736e-01 1.758399999999999963e-01
7.620700000000000252e-01 1.766800000000000037e-01
7.614300000000000512e-01 1.775599999999999956e-01
7.608000000000000318e-01 1.783899999999999930e-01
7.601400000000000379e-01 1.791300000000000114e-01
7.594400000000000039e-01 1.798599999999999921e-01
7.587000000000000410e-01 1.806099999999999928e-01
7.579599999999999671e-01 1.813599999999999934e-01
7.572299999999999587e-01 1.821099999999999941e-01
7.565300000000000358e-01 1.828500000000000125e-01
7.558799999999999963e-01 1.835900000000000032e-01
7.552999999999999714e-01 1.843299999999999939e-01
7.548099999999999810e-01 1.850999999999999868e-01
7.543600000000000305e-01 1.858299999999999952e-01
7.538500000000000201e-01 1.864200000000000024e-01
7.533499999999999641e-01 1.869200000000000028e-01
7.528799999999999937e-01 1.873400000000000065e-01
7.524399999999999977e-01 1.877099999999999880e-01
7.520799999999999708e-01 1.880400000000000127e-01
7.517000000000000348e-01 1.884299999999999864e-01
7.511100000000000554e-01 1.891100000000000003e-01
7.504699999999999704e-01 1.898600000000000010e-01
7.500099999999999545e-01 1.904099999999999959e-01
7.496500000000000385e-01 1.908400000000000096e-01
7.493900000000000006e-01 1.911700000000000066e-01
7.491799999999999571e-01 1.914500000000000091e-01
7.489400000000000501e-01 1.918199999999999905e-01
7.486699999999999466e-01 1.922399999999999942e-01
7.483400000000000052e-01 1.926400000000000057e-01
7.479900000000000437e-01 1.930399999999999894e-01
7.476500000000000368e-01 1.933900000000000063e-01
7.473199999999999843e-01 1.936900000000000011e-01
7.470400000000000373e-01 1.939200000000000090e-01
7.468200000000000394e-01 1.940699999999999925e-01
7.467099999999999849e-01 1.940000000000000058e-01
7.466899999999999649e-01 1.938000000000000000e-01
7.466199999999999504e-01 1.938900000000000068e-01
7.465100000000000069e-01 1.941900000000000015e-01
7.463800000000000434e-01 1.945699999999999930e-01
7.462400000000000144e-01 1.950099999999999889e-01
7.461299999999999599e-01 1.951799999999999924e-01
7.460499999999999909e-01 1.950900000000000134e-01
7.460200000000000164e-01 1.950999999999999956e-01
7.460299999999999709e-01 1.952000000000000124e-01
7.460499999999999909e-01 1.952800000000000091e-01
7.460999999999999854e-01 1.953600000000000059e-01
7.461499999999999799e-01 1.953799999999999981e-01
7.461900000000000199e-01 1.953499999999999959e-01
7.462600000000000344e-01 1.952899999999999914e-01
7.463300000000000489e-01 1.952099999999999946e-01
7.464699999999999669e-01 1.950300000000000089e-01
7.466800000000000104e-01 1.947500000000000064e-01
7.469299999999999828e-01 1.943900000000000072e-01
7.472400000000000153e-01 1.939299999999999913e-01
7.474699999999999678e-01 1.936199999999999866e-01
7.475600000000000023e-01 1.935600000000000098e-01
7.477099999999999858e-01 1.933799999999999963e-01
7.479900000000000437e-01 1.929800000000000126e-01
7.483300000000000507e-01 1.924800000000000122e-01
7.487399999999999611e-01 1.918499999999999928e-01
7.490900000000000336e-01 1.913199999999999901e-01
7.492999999999999661e-01 1.909700000000000009e-01
7.495600000000000041e-01 1.906499999999999861e-01
7.499299999999999855e-01 1.902899999999999869e-01
7.503400000000000070e-01 1.899000000000000132e-01
7.507899999999999574e-01 1.894699999999999995e-01
7.512299999999999534e-01 1.889500000000000068e-01
7.515899999999999803e-01 1.882300000000000084e-01
7.519900000000000473e-01 1.876200000000000090e-01
7.525300000000000322e-01 1.873700000000000088e-01
7.531200000000000117e-01 1.871800000000000130e-01
7.537500000000000311e-01 1.869800000000000073e-01
7.543900000000000050e-01 1.865799999999999959e-01
7.550000000000000044e-01 1.857300000000000062e-01
7.555899999999999839e-01 1.847300000000000053e-01
7.561499999999999888e-01 1.838400000000000034e-01
7.567099999999999937e-01 1.829699999999999938e-01
7.572799999999999532e-01 1.821399999999999963e-01
7.578799999999999981e-01 1.813400000000000012e-01
7.585399999999999920e-01 1.806099999999999928e-01
7.592400000000000260e-01 1.799000000000000044e-01
7.599700000000000344e-01 1.791099999999999914e-01
7.607099999999999973e-01 1.782799999999999940e-01
7.614400000000000057e-01 1.774100000000000121e-01
7.621599999999999486e-01 1.765200000000000102e-01
7.628200000000000536e-01 1.755800000000000138e-01
7.634600000000000275e-01 1.746300000000000074e-01
7.642299999999999649e-01 1.737200000000000133e-01
7.650799999999999823e-01 1.728300000000000114e-01
7.659599999999999742e-01 1.719400000000000095e-01
7.668599999999999861e-01 1.710500000000000076e-01
7.677500000000000435e-01 1.701799999999999979e-01
7.686199999999999699e-01 1.692800000000000138e-01
7.694600000000000328e-01 1.682599999999999929e-01
7.702900000000000302e-01 1.671300000000000008e-01
7.711000000000000076e-01 1.659499999999999864e-01
7.719099999999999850e-01 1.647200000000000053e-01
7.727300000000000280e-01 1.635399999999999909e-01
7.735699999999999799e-01 1.623900000000000066e-01
7.745199999999999863e-01 1.613300000000000012e-01
7.755600000000000271e-01 1.603300000000000003e-01
7.766499999999999515e-01 1.593600000000000017e-01
7.777899999999999814e-01 1.584299999999999875e-01
7.787600000000000078e-01 1.573900000000000021e-01
7.795699999999999852e-01 1.562699999999999922e-01
7.803900000000000281e-01 1.549999999999999989e-01
7.812200000000000255e-01 1.535700000000000121e-01
7.820700000000000429e-01 1.520299999999999985e-01
7.829500000000000348e-01 1.503500000000000114e-01
7.839300000000000157e-01 1.491000000000000103e-01
7.850300000000000056e-01 1.483500000000000096e-01
7.861399999999999499e-01 1.474999999999999922e-01
7.872400000000000508e-01 1.464999999999999913e-01
7.883099999999999552e-01 1.451800000000000035e-01
7.893299999999999761e-01 1.434199999999999919e-01
7.903299999999999770e-01 1.419199999999999906e-01
7.913200000000000234e-01 1.408399999999999930e-01
7.923099999999999588e-01 1.398099999999999898e-01
7.933000000000000052e-01 1.388000000000000067e-01
7.943200000000000260e-01 1.375500000000000056e-01
7.954099999999999504e-01 1.358600000000000085e-01
7.964400000000000368e-01 1.342599999999999905e-01
7.973700000000000232e-01 1.329200000000000104e-01
7.982599999999999696e-01 1.316799999999999915e-01
7.990800000000000125e-01 1.305999999999999939e-01
8.000000000000000444e-01 1.294099999999999973e-01
8.011399999999999633e-01 1.279299999999999882e-01
8.022700000000000387e-01 1.264500000000000068e-01
8.033200000000000340e-01 1.250900000000000067e-01
8.042899999999999494e-01 1.238599999999999979e-01
8.050899999999999723e-01 1.228400000000000047e-01
8.058899999999999952e-01 1.218299999999999939e-01
8.068199999999999816e-01 1.206900000000000056e-01
8.077999999999999625e-01 1.194999999999999951e-01
8.088100000000000289e-01 1.182700000000000001e-01
8.098300000000000498e-01 1.170199999999999990e-01
8.108499999999999597e-01 1.157699999999999979e-01
8.118400000000000061e-01 1.145100000000000007e-01
8.127799999999999470e-01 1.132100000000000051e-01
8.136799999999999589e-01 1.118999999999999995e-01
8.145200000000000218e-01 1.105799999999999977e-01
8.153399999999999537e-01 1.092499999999999999e-01
8.162199999999999456e-01 1.079699999999999965e-01
8.171100000000000030e-01 1.067199999999999954e-01
8.179800000000000404e-01 1.055200000000000027e-01
8.188400000000000123e-01 1.043700000000000044e-01
8.196400000000000352e-01 1.032700000000000007e-01
8.204200000000000381e-01 1.022699999999999998e-01
8.211800000000000210e-01 1.014700000000000046e-01
8.219300000000000495e-01 1.008200000000000068e-01
8.226599999999999469e-01 1.002699999999999980e-01
8.233599999999999808e-01 9.969000000000000083e-02
8.240199999999999747e-01 9.847000000000000197e-02
8.246400000000000396e-01 9.686000000000000165e-02
8.252800000000000136e-01 9.532000000000000195e-02
8.259300000000000530e-01 9.384000000000000674e-02
8.266299999999999759e-01 9.267999999999999849e-02
8.273700000000000498e-01 9.174999999999999822e-02
8.280100000000000238e-01 9.081999999999999795e-02
8.285599999999999632e-01 8.989999999999999380e-02
8.290499999999999536e-01 8.902000000000000191e-02
8.294899999999999496e-01 8.817999999999999450e-02
8.299900000000000055e-01 8.741000000000000159e-02
8.305599999999999650e-01 8.672000000000000541e-02
8.311100000000000154e-01 8.609999999999999598e-02
8.316500000000000004e-01 8.555999999999999717e-02
8.321699999999999653e-01 8.515999999999999959e-02
8.326500000000000012e-01 8.490000000000000324e-02
8.330899999999999972e-01 8.444000000000000117e-02
8.334700000000000442e-01 8.376999999999999724e-02
8.337999999999999856e-01 8.293000000000000371e-02
8.340800000000000436e-01 8.190999999999999670e-02
8.342800000000000216e-01 8.097000000000000031e-02
8.343899999999999650e-01 8.014999999999999902e-02
8.344500000000000250e-01 7.945000000000000673e-02
8.344799999999999995e-01 7.885000000000000342e-02
8.344700000000000450e-01 7.853999999999999870e-02
8.344399999999999595e-01 7.860999999999999932e-02
8.344500000000000250e-01 7.861999999999999544e-02
8.345200000000000395e-01 7.846000000000000196e-02
8.346599999999999575e-01 7.810999999999999888e-02
8.349199999999999955e-01 7.746000000000000107e-02
8.350800000000000445e-01 7.689999999999999614e-02
8.350499999999999590e-01 7.653000000000000080e-02
8.349199999999999955e-01 7.628000000000000058e-02
8.346900000000000430e-01 7.613999999999999935e-02
8.344200000000000506e-01 7.613000000000000322e-02
8.341600000000000126e-01 7.628999999999999670e-02
8.338799999999999546e-01 7.650999999999999468e-02
8.335799999999999876e-01 7.677000000000000490e-02
8.332800000000000207e-01 7.700999999999999512e-02
8.330199999999999827e-01 7.720000000000000473e-02
8.326999999999999957e-01 7.735999999999999821e-02
8.322899999999999743e-01 7.749000000000000332e-02
8.317900000000000293e-01 7.759000000000000619e-02
8.311699999999999644e-01 7.764999999999999680e-02
8.305000000000000160e-01 7.771999999999999742e-02
8.298299999999999566e-01 7.785000000000000253e-02
8.291600000000000081e-01 7.803000000000000214e-02
8.284700000000000397e-01 7.824000000000000399e-02
8.278299999999999548e-01 7.850999999999999646e-02
8.273700000000000498e-01 7.883999999999999342e-02
8.269600000000000284e-01 7.921999999999999875e-02
8.265099999999999669e-01 7.965999999999999470e-02
8.259699999999999820e-01 8.014000000000000290e-02
8.251300000000000301e-01 8.064999999999999947e-02
8.241600000000000037e-01 8.121000000000000441e-02
8.232399999999999718e-01 8.182000000000000384e-02
8.223500000000000254e-01 8.247000000000000164e-02
8.215799999999999770e-01 8.316999999999999393e-02
8.208600000000000341e-01 8.391999999999999460e-02
8.200100000000000167e-01 8.472999999999999976e-02
8.190699999999999648e-01 8.559999999999999554e-02
8.180300000000000349e-01 8.652999999999999581e-02
8.169300000000000450e-01 8.748000000000000220e-02
8.158300000000000551e-01 8.823999999999999899e-02
8.147199999999999998e-01 8.888000000000000067e-02
8.135999999999999899e-01 8.949000000000000010e-02
8.124700000000000255e-01 9.012000000000000566e-02
8.113599999999999701e-01 9.116000000000000492e-02
8.102500000000000258e-01 9.253000000000000114e-02
8.091099999999999959e-01 9.393999999999999573e-02
8.079199999999999715e-01 9.539999999999999869e-02
8.065999999999999837e-01 9.669999999999999429e-02
8.051700000000000523e-01 9.785000000000000642e-02
8.037600000000000300e-01 9.898999999999999466e-02
8.023599999999999621e-01 1.001100000000000045e-01
8.010199999999999543e-01 1.011900000000000022e-01
7.997400000000000064e-01 1.022499999999999937e-01
7.984599999999999476e-01 1.033899999999999958e-01
7.971899999999999542e-01 1.046200000000000047e-01
7.959199999999999608e-01 1.059599999999999986e-01
7.946800000000000530e-01 1.074399999999999938e-01
7.933299999999999796e-01 1.087800000000000017e-01
7.918899999999999828e-01 1.099600000000000022e-01
7.903599999999999515e-01 1.110300000000000037e-01
7.887399999999999967e-01 1.119700000000000001e-01
7.871599999999999708e-01 1.131100000000000022e-01
7.856400000000000050e-01 1.145199999999999968e-01
7.841299999999999937e-01 1.160700000000000065e-01
7.826400000000000023e-01 1.177600000000000036e-01
7.811099999999999710e-01 1.194500000000000006e-01
7.795199999999999907e-01 1.210900000000000032e-01
7.779199999999999449e-01 1.227199999999999958e-01
7.763099999999999445e-01 1.243599999999999983e-01
7.747199999999999642e-01 1.259800000000000086e-01
7.731599999999999584e-01 1.275499999999999967e-01
7.716100000000000181e-01 1.290999999999999925e-01
7.700700000000000323e-01 1.306400000000000061e-01
7.685400000000000009e-01 1.321599999999999997e-01
7.670200000000000351e-01 1.336400000000000088e-01
7.654900000000000038e-01 1.351199999999999901e-01
7.639500000000000179e-01 1.366300000000000014e-01
7.623999999999999666e-01 1.381900000000000073e-01
7.608300000000000063e-01 1.398199999999999998e-01
7.592299999999999605e-01 1.414799999999999947e-01
7.576100000000000056e-01 1.431399999999999895e-01
7.559399999999999453e-01 1.448200000000000043e-01
7.541999999999999815e-01 1.465200000000000113e-01
7.524600000000000177e-01 1.481999999999999984e-01
7.508000000000000229e-01 1.498299999999999910e-01
7.492100000000000426e-01 1.514199999999999990e-01
7.477300000000000058e-01 1.529399999999999926e-01
7.462900000000000089e-01 1.544300000000000117e-01
7.447799999999999976e-01 1.559500000000000053e-01
7.432199999999999918e-01 1.575000000000000011e-01
7.416099999999999914e-01 1.590799999999999992e-01
7.399700000000000166e-01 1.606799999999999895e-01
7.383999999999999453e-01 1.622800000000000076e-01
7.368599999999999595e-01 1.638799999999999979e-01
7.353800000000000336e-01 1.654899999999999982e-01
7.339099999999999513e-01 1.670899999999999885e-01
7.323300000000000365e-01 1.686100000000000099e-01
7.306799999999999962e-01 1.700500000000000067e-01
7.289700000000000069e-01 1.714400000000000091e-01
7.272100000000000231e-01 1.727700000000000069e-01
7.255599999999999827e-01 1.741099999999999870e-01
7.239900000000000224e-01 1.754699999999999871e-01
7.224800000000000111e-01 1.768099999999999949e-01
7.210199999999999942e-01 1.781600000000000128e-01
7.195500000000000229e-01 1.795499999999999874e-01
