1.086400042049993908e-01
1.003038317591182504e-01
9.316308258567219946e-02
8.697852815789394731e-02
8.156979589846405365e-02
7.679896750821366136e-02
7.255768149689527380e-02
6.876075975057929779e-02
6.534018926128679072e-02
6.264310109011958505e-02
6.032478175417980981e-02
5.835282215993373156e-02
5.668958374900485986e-02
5.531334082880356995e-02
5.418034090181551854e-02
5.325814955035976239e-02
5.250474017507251318e-02
5.187985086406774610e-02
5.138465550432160661e-02
5.100106638564556177e-02
5.071145320983245358e-02
5.049941958303789252e-02
5.035118203900523087e-02
5.025522211469957840e-02
5.019749903830978549e-02
5.017301561708785440e-02
5.016963947748345060e-02
5.018241565558159700e-02
5.020494367392042134e-02
5.023491393980432373e-02
5.027030701366901055e-02
5.030740021108875970e-02
5.034666339611380825e-02
5.038854003572482143e-02
5.043239356102982573e-02
5.048178606749308822e-02
5.053719958407973389e-02
5.060109275802680828e-02
5.067271990526125980e-02
5.075587453041054825e-02
5.085168749977417302e-02
5.096308856002944310e-02
5.108766831723594165e-02
5.123015003831808689e-02
5.138871420847376109e-02
5.156308857737761792e-02
5.175489400564039361e-02
5.196395898986889972e-02
5.218662138318834465e-02
5.242663790688124881e-02
5.268194328860211634e-02
5.294887922116328638e-02
5.322895599450318260e-02
5.352032771334566674e-02
5.382053913111222582e-02
5.412913798288759848e-02
5.444828998571168976e-02
5.477311838991480442e-02
5.510288556791222842e-02
5.543947855898144483e-02
5.578247431971851411e-02
5.612867452374371846e-02
5.647717509111615380e-02
5.683270944424466398e-02
5.719183068307661516e-02
5.755362589051934985e-02
5.792027750273782277e-02
5.829435564155561328e-02
5.866807563729780489e-02
5.905103743474814093e-02
5.943510065239007711e-02
5.982666122515577223e-02
6.022501371825127875e-02
6.062923402303563997e-02
6.103826329374421877e-02
6.146015832897822051e-02
6.188485669652300791e-02
6.231580646357447878e-02
6.275693525570848197e-02
6.321327702194333431e-02
6.367261952629710287e-02
6.414546693880723849e-02
6.462450006052898599e-02
6.511485468195400694e-02
6.561534239080726860e-02
6.613239716673577351e-02
6.664877159402568529e-02
6.718739061825602932e-02
6.772958806401230270e-02
6.828192372574004576e-02
6.884220745362233662e-02
6.941890946813239482e-02
6.999834708968877273e-02
7.058904418180413087e-02
7.117407735408691483e-02
7.177686301532786028e-02
7.239561537031700966e-02
7.301026404878430132e-02
7.363226370096155604e-02
7.425656468689437184e-02
7.489872509405054446e-02
7.555584911135403148e-02
7.619828357274405217e-02
7.686973446931433251e-02
7.753922550896621968e-02
7.823024270366493726e-02
7.890338163866733590e-02
7.962229766921397056e-02
8.034691067563404232e-02
8.106788617167895450e-02
8.182398942688830223e-02
8.255725164668813176e-02
8.337244644373797975e-02
8.414430488005164577e-02
8.491997338737805601e-02
8.577031084921883652e-02
8.661102607491220906e-02
8.742098895132661973e-02
8.828763056898455974e-02
8.908330187851880300e-02
9.005334103631473797e-02
9.091678664927280162e-02
9.179233664351132971e-02
9.266265743014440170e-02
9.350333858105466800e-02
9.428075823027524949e-02
9.524039292201369467e-02
9.610338748935062791e-02
9.680423945309167555e-02
9.767312307822599571e-02
9.875910158886516688e-02
9.958544290406291799e-02
1.006213356809134152e-01
1.019381400257560744e-01
1.027914627244388424e-01
1.038709542129498398e-01
1.052586735320953509e-01
1.057513779431132755e-01
1.078881347342098423e-01
1.089047732578519306e-01
1.102223910756992969e-01
1.119753399444141650e-01
1.144165364942557189e-01
1.136772174220011672e-01
1.173570007402304771e-01
1.166083271815995803e-01
1.233120710210936360e-01
1.225353074580049634e-01
1.217684088109827756e-01
1.210109872847886514e-01
1.202629554269847162e-01
1.195241512228574082e-01
1.187944023694078449e-01
1.180736268543324252e-01
