2.509520401651311821e-04
2.426969050185192548e-04
2.346848070851300153e-04
2.270574855021237381e-04
2.200759920195183663e-04
2.139253842778441196e-04
2.087622465359257392e-04
2.047121810793867971e-04
2.020320263438775117e-04
2.009838799281918169e-04
2.020357642541792962e-04
2.054134231079658658e-04
2.106846307037965257e-04
2.162214955829186176e-04
2.195138028189455831e-04
2.186644076668637596e-04
2.140304946066689173e-04
2.075354807008387645e-04
2.011046376257948738e-04
1.952052136369147981e-04
1.890930409296235823e-04
1.822138312897052291e-04
1.750257023644478374e-04
1.677377340307184745e-04
1.609168495850176416e-04
1.552381980886911818e-04
1.504255963220561712e-04
1.463829971313513332e-04
1.416102773387051912e-04
1.374902079394649224e-04
1.337502682730162947e-04
1.303862499075289104e-04
1.274478403410870685e-04
1.248140521776692504e-04
1.224277220189358894e-04
1.202279305363628345e-04
1.182374072352267006e-04
1.163853210470824646e-04
1.147040130495944368e-04
1.131143742029850876e-04
1.116280195252097326e-04
1.102103090883298176e-04
1.088427397158802637e-04
1.075362459643990982e-04
1.062823629337428022e-04
1.050790964534166933e-04
1.039313593409587000e-04
1.028480395104297470e-04
1.018704528483451116e-04
1.010067197888509877e-04
1.002645948188943221e-04
9.965533160288572831e-05
9.923468400635640290e-05
9.898323587277379771e-05
9.891749529158220416e-05
9.905860864220736588e-05
9.937872291278301710e-05
9.990271751485527672e-05
1.006076297721648585e-04
1.014726376758579387e-04
1.024632671134403055e-04
1.036061836768106153e-04
1.048692094045834510e-04
1.063091275769038766e-04
1.079046685065448416e-04
1.097084820732154806e-04
1.117072652203194677e-04
1.137798362433883881e-04
1.157942326452862512e-04
1.174025514258682359e-04
1.178929001238244507e-04
1.154837649438079542e-04
1.074927877798213230e-04
9.169739658617199671e-05
6.773097289018452838e-05
4.611187388585108579e-05
2.909831394793617175e-05
2.020222952774889270e-05
1.702719655594575940e-05
1.582947923454635115e-05
1.497291427390742283e-05
1.422558244589930628e-05
1.373174487208516948e-05
1.342545002283479735e-05
1.307130154211142082e-05
1.279463366352098043e-05
1.254984794965850022e-05
1.234860205244180143e-05
1.213210021513645690e-05
1.194443976200068903e-05
1.177080756544824501e-05
1.160912204699036795e-05
1.143856043710185868e-05
1.129179968617128188e-05
1.115184886907828260e-05
1.099114942864538134e-05
1.083819790385472016e-05
1.067809175105711175e-05
1.049172891987820740e-05
1.030709864496885293e-05
1.011202755483365123e-05
9.922598379928817183e-06
9.743272162233391440e-06
9.576790649531213967e-06
9.414071776901535601e-06
9.251349125406669891e-06
9.079821650476147980e-06
8.906269298629165040e-06
8.730639939668843508e-06
8.565319519485265328e-06
8.418699682476973441e-06
8.286213602099370059e-06
8.176875241833140637e-06
8.088214476041279634e-06
8.010113781895954700e-06
7.945952224777412919e-06
7.894776540539530572e-06
7.857920383256505832e-06
7.822006188599567008e-06
7.791184805850161763e-06
7.775698540341585666e-06
7.759660848952566338e-06
7.747157435020817518e-06
7.737456023472600618e-06
7.729174593931519504e-06
7.714204421784737512e-06
7.699345278370495861e-06
7.669131483102963569e-06
7.616386751518601371e-06
7.532015368545766094e-06
7.421120783094139755e-06
7.295928555416131435e-06
7.166513002942432850e-06
7.031001513132410715e-06
6.904391489989674416e-06
6.806600293838061472e-06
6.736601505212749124e-06
6.679944932448263523e-06
6.634518011914695604e-06
6.599566623178615571e-06
6.566778645617795231e-06
6.531041687242589330e-06
6.476669892846152686e-06
6.393854205473475003e-06
6.289850110223869312e-06
6.190316797913483205e-06
6.094706192131559334e-06
5.999759513556421574e-06
5.906179294606854158e-06
5.813898558370001353e-06
5.731425722652980886e-06
5.660409249358492332e-06
5.595903606961617684e-06
5.540866550629410453e-06
5.495131996002294335e-06
5.451512901875660462e-06
5.412918445038275067e-06
5.375733473338502980e-06
5.339411945173746462e-06
5.307407312397832370e-06
5.270939993253082780e-06
5.242285442660152177e-06
5.209745636537594255e-06
5.177986636532020156e-06
5.146992098382359931e-06
5.114471894766501097e-06
5.085605813880444031e-06
5.054067242488873529e-06
5.023281527625541719e-06
4.993826417256028364e-06
4.968537572571000448e-06
4.938889441341480883e-06
4.908825899412662114e-06
4.890134125435653612e-06
4.863239634508119679e-06
4.833159447258723369e-06
4.813781400681914726e-06
4.780142615362100110e-06
4.763201552241369768e-06
4.737075631014602998e-06
4.714388651967174129e-06
4.693477092523523487e-06
4.677598623117346771e-06
4.645484446036800556e-06
4.629254491031681643e-06
4.605083475865876518e-06
4.594440136389389850e-06
4.564040469685546961e-06
4.545601300683927645e-06
4.515532173721335730e-06
4.496244758968462936e-06
4.481306743557505421e-06
4.455897489116102463e-06
4.436430189398412666e-06
4.413931379521841546e-06
4.395716605831978733e-06
4.374510042357015925e-06
4.354982775513363487e-06
4.335021164692884078e-06
4.314172186412884337e-06
4.299092650487683741e-06
4.276374445119681296e-06
4.262008415839922688e-06
4.240558826371822091e-06
4.224308860006847308e-06
4.206143928666802498e-06
4.188573507191722249e-06
4.172602154222581260e-06
4.159243758798133358e-06
4.140441871381393678e-06
4.127236943295767731e-06
4.110126007547381324e-06
4.093079341841208914e-06
4.080122900635402369e-06
4.066228538656859757e-06
4.045023236725687251e-06
4.030315921651736611e-06
4.015710695271596758e-06
4.003611118934470438e-06
3.985225401725147981e-06
3.969876228103993251e-06
3.954111834052036957e-06
3.938910419604062700e-06
3.925244052914025891e-06
3.911167535605772130e-06
3.897170947591179337e-06
3.884174145952243472e-06
3.872726753641182928e-06
3.862734625133902372e-06
3.847085127874854511e-06
3.833413960944403022e-06
3.821727347560986925e-06
3.807739201097605078e-06
3.795228144008931243e-06
3.780892530375394297e-06
3.770378052071998586e-06
3.755253651032305806e-06
3.748599811765730747e-06
3.734993149981965988e-06
3.723311819156730940e-06
3.714467805338981070e-06
3.702429183761683785e-06
3.693678459086116351e-06
3.684971858128625829e-06
3.670818406568660789e-06
3.659928082458178658e-06
3.652717147165700219e-06
3.641925587474669621e-06
3.630728074451954555e-06
3.621402763151251424e-06
3.611663776007949796e-06
3.599283450088502550e-06
3.590542947550030809e-06
3.580057854477279390e-06
3.572766281755380480e-06
3.564570045579764625e-06
3.558236336917600712e-06
3.546602470516690013e-06
3.538548669604634485e-06
3.527898068840399738e-06
3.519947373241489269e-06
3.510696623892688277e-06
3.505012763600626544e-06
3.497577028914040746e-06
3.488891327652578904e-06
3.481114229178435388e-06
3.473395356942594095e-06
3.466551074805384503e-06
3.458873155191258093e-06
3.452518622128903147e-06
3.443620655751579549e-06
3.437351524119007522e-06
3.431972887194428720e-06
3.426588064910242621e-06
3.420816324727164506e-06
3.416781151372646606e-06
3.412326820526924177e-06
3.409176123878918871e-06
3.404746101724138243e-06
3.397848621342805645e-06
3.394726377235646417e-06
3.393754341385258837e-06
3.390257839740712122e-06
3.388874770665628589e-06
3.388302716643036846e-06
3.389835750903055720e-06
3.391783588367915160e-06
3.396606708250451121e-06
3.405547459160739053e-06
3.414884538080140898e-06
3.424605385093809057e-06
3.439614701049545425e-06
3.450861715125196551e-06
3.458839706852840695e-06
3.465130526719114940e-06
3.461579095059232700e-06
3.449520795908362698e-06
3.417614106198830218e-06
3.385014771858101229e-06
3.352168691278526346e-06
3.312264165703717470e-06
3.271358596672182770e-06
3.240260589859052131e-06
3.221291877274298962e-06
3.203187805486184004e-06
3.184782110265323428e-06
3.171987754906560857e-06
3.173891701062460716e-06
3.168709554475388745e-06
3.161940788820893831e-06
3.158761946163231681e-06
3.146156926278813464e-06
3.137138957227283260e-06
3.126202849299995657e-06
3.118446968416693400e-06
3.115375131115269280e-06
3.109999963228726266e-06
3.105407135870258692e-06
3.099284427741698115e-06
3.093589383044184244e-06
3.086777812758696954e-06
3.080334238245109600e-06
3.073170922392420457e-06
3.067600964149291856e-06
3.062394472999758028e-06
3.056064384917499132e-06
3.052072476852380763e-06
3.044267484099122774e-06
3.036893505958222261e-06
3.032575330949474874e-06
3.027511706360402067e-06
3.022100395495628299e-06
3.014815642882583463e-06
3.010579336666076246e-06
3.003745870586410532e-06
2.996181537412454696e-06
2.986785277669077882e-06
2.982632893301342803e-06
2.981458711361788101e-06
2.977704717001440750e-06
2.970267719163031044e-06
2.965446455702541911e-06
2.961731663957140172e-06
2.956957939234501724e-06
2.950732541864673426e-06
2.945971477593028962e-06
2.942342926382280628e-06
2.937984337307981931e-06
2.933668991182953006e-06
2.929361808376116313e-06
2.924334000424187098e-06
2.920065950305457598e-06
2.916877190306617908e-06
2.912981748986069770e-06
2.909130806578802140e-06
2.903106128163615416e-06
2.894258123927385667e-06
2.887580910707653774e-06
2.883810171904010284e-06
2.880030329346521778e-06
2.875533043445531649e-06
2.870373763881662074e-06
2.864880203207386869e-06
2.859045166159829832e-06
2.852176763721962680e-06
2.846411649723535314e-06
2.843439664946434436e-06
2.840149626233532858e-06
2.835465969632650080e-06
2.830809949176028324e-06
2.826525663753973656e-06
2.821179662300949012e-06
2.814150520602855547e-06
2.807134803801980452e-06
2.801524095386465175e-06
2.797349802575240312e-06
2.794516060402216891e-06
2.791382929883902898e-06
2.785863235998417238e-06
2.779999695836937073e-06
2.775877807702131482e-06
2.771775565875342973e-06
2.767345288423278161e-06
2.762938196551644935e-06
2.759547918887568955e-06
2.756516341447207645e-06
2.752482975233405520e-06
2.747797949488940716e-06
2.741753512494210775e-06
2.735762002943250957e-06
2.730780234762764022e-06
2.726503921130375522e-06
2.723229812197723927e-06
2.720656537565061869e-06
2.719409945021621081e-06
2.718185059851264922e-06
2.711610503960734936e-06
2.702448961880402868e-06
2.697922172827810803e-06
2.696074696531739771e-06
2.692242164593537043e-06
2.687453565021784955e-06
2.684641307938831109e-06
2.682831185305307421e-06
2.676756656886341035e-06
2.667099630642102624e-06
2.663050355219016863e-06
2.663897260739267736e-06
2.661807804149794824e-06
2.657448979620454670e-06
2.653114810063230371e-06
2.649103432175416215e-06
2.645143510740387219e-06
2.641147008303111437e-06
2.637519980523692734e-06
2.633578571233742930e-06
2.629322564607031322e-06
2.624116444682788110e-06
2.618927748720896079e-06
2.613771300251947345e-06
2.609272203633614329e-06
2.605411954206107709e-06
2.602524587709604819e-06
2.601542072181950022e-06
2.598979203346310761e-06
2.594852308903507313e-06
2.589158329927902629e-06
2.580967042720952119e-06
2.575323120036092653e-06
2.575969124394330474e-06
2.575997484099556193e-06
2.572245887374020769e-06
2.567610340392542613e-06
2.562640052623076437e-06
2.558024675073517957e-06
2.554349505329522661e-06
2.550672248795943848e-06
2.547018736774342400e-06
2.543063065329414511e-06
2.538837688052189584e-06
2.534299775907339741e-06
2.530068732742850650e-06
2.526476227506186599e-06
2.523521288193235527e-06
2.520253889941415451e-06
2.515481902018851658e-06
2.510424257652480424e-06
2.506288302123007567e-06
2.502152339626483736e-06
2.498061912474053600e-06
2.494257120516371062e-06
2.491702356418547647e-06
2.489148771325764226e-06
2.484778774866878286e-06
2.479824719443022741e-06
2.475507281096675576e-06
2.472088105147134240e-06
2.468968932765435672e-06
2.466189993059587720e-06
2.463387383493678404e-06
2.460923200153982441e-06
2.457564014693149607e-06
2.453605723196617320e-06
2.449372184413610109e-06
2.444844941795439479e-06
2.442716734004070691e-06
2.442077618352142304e-06
2.439070099383841587e-06
2.433701317040211725e-06
2.429242183681419150e-06
2.425986188779841658e-06
2.423021739523912016e-06
2.420345514743329086e-06
2.417397038481227776e-06
2.413885655706599159e-06
2.410371410662173178e-06
2.406006812856108970e-06
2.403680665381293170e-06
2.403670070287177222e-06
2.401355390663417549e-06
2.395877189265716728e-06
2.390986148875946630e-06
2.386677534567622172e-06
2.384434542430071380e-06
2.383604903490047557e-06
2.387962142140954268e-06
2.400906386417705658e-06
2.409820383526905025e-06
2.410420931129264053e-06
2.407006988782617294e-06
2.399307669443429183e-06
2.391928535089291022e-06
2.387689799536984134e-06
2.383189324813072991e-06
2.376706766713008856e-06
2.370821691374056357e-06
2.368050681566157630e-06
2.364994896694066343e-06
2.359991127553121789e-06
2.354170125757286200e-06
2.346953725862861765e-06
2.341431298029521182e-06
2.341538994695174490e-06
2.342754787684078034e-06
2.341747240716358007e-06
2.338780391545857755e-06
2.331914152517706697e-06
2.323972834237734654e-06
2.318010246625401888e-06
2.313416398909773242e-06
2.310257476427798270e-06
2.307902240779300420e-06
2.305318185527787480e-06
2.302705629176826999e-06
2.300389905841653593e-06
2.298072804478607593e-06
2.293855210621693506e-06
2.288544838088973192e-06
2.285178226816821561e-06
2.282903633073338797e-06
2.278445004272517452e-06
2.272652971662521261e-06
2.270969059447982637e-06
2.271970486918179795e-06
2.271357705893508974e-06
2.269678797386512260e-06
2.264211117084482059e-06
2.255243836810711548e-06
2.250872204066428015e-06
2.250832520955645787e-06
2.250270745289206637e-06
2.249703299139356015e-06
2.245107187697616578e-06
2.236526578634425723e-06
2.231944410069637248e-06
2.232217337870172711e-06
2.230347905972652255e-06
2.225550571864757403e-06
2.223146466598061738e-06
2.223949149613154752e-06
2.223151552808663801e-06
2.220519828539540604e-06
2.217884826842658646e-06
2.215513907598615921e-06
2.213165105613889024e-06
2.210814081579840020e-06
2.209273359104006532e-06
2.209015740368275813e-06
2.208273284251488491e-06
2.205931638635778821e-06
2.203610480747512788e-06
2.201549857192756668e-06
2.199248447281991808e-06
2.195123237403441655e-06
2.191782304123928222e-06
2.190540817247804331e-06
2.190071915016307801e-06
2.190113736764034586e-06
2.189398040004930832e-06
2.185576372831414648e-06
2.182274200873386956e-06
2.181569951819843137e-06
2.181118375713344487e-06
2.177859970846733301e-06
2.174345861531591001e-06
2.173905963712371420e-06
2.173459263304372563e-06
2.168175985415659261e-06
2.162135985511684137e-06
2.160433604056772834e-06
2.160276683284159758e-06
2.160622217783738969e-06
2.161491338973986349e-06
2.163362698713861485e-06
2.164717385473358924e-06
2.161763310580973856e-06
2.156812860195807230e-06
2.156659421967189343e-06
2.158513262754091620e-06
2.156609051625415391e-06
2.153193496679115973e-06
2.153039976104994532e-06
2.154658070790536312e-06
2.155515866178995962e-06
2.155862526864084767e-06
2.152980705190489414e-06
2.147607874128549494e-06
2.145725101536550851e-06
2.146077316281973842e-06
2.144956434407192394e-06
2.142343017963792088e-06
2.141735508215531157e-06
2.142828894849231040e-06
2.142454938798315890e-06
2.140865940549367168e-06
2.140234424712381180e-06
2.141099655587864418e-06
2.140726171531394867e-06
2.138899917202368015e-06
2.137805256673537835e-06
2.137441163547866407e-06
2.135602756639017515e-06
2.132076702912473725e-06
2.129284668273464122e-06
2.127954940972903121e-06
2.125186392171117783e-06
2.119718599030674059e-06
2.117464409415443418e-06
2.121245398648368412e-06
2.122614237488982476e-06
2.117440987194281797e-06
2.113482093375891535e-06
2.114110465699918533e-06
2.113790373049845037e-06
2.109133441257971007e-06
2.105468551051612633e-06
2.106820261219627605e-06
2.107469964661287555e-06
2.102840518914166054e-06
2.098241733354037921e-06
2.097205224642432466e-06
2.096428697874900938e-06
2.093051896101549417e-06
2.089889318321607924e-06
2.091031751353408036e-06
2.091927717581205099e-06
2.088783607173215010e-06
2.084245482838217784e-06
2.082077330142634918e-06
2.079437214299106017e-06
2.073964663308430317e-06
2.068055810097848980e-06
2.066623698365504491e-06
2.066835256878430176e-06
2.066805323639101808e-06
2.066324278590533368e-06
2.063498036769768605e-06
2.059503083542237669e-06
2.058079242585412124e-06
2.057613044877108008e-06
2.056441074859517831e-06
2.054334714755493567e-06
2.050136843168245727e-06
2.044806625566999716e-06
2.043424563396012095e-06
2.044355421695809439e-06
2.041834162350879292e-06
2.036515205527817462e-06
2.032614857932025746e-06
2.029637949702988992e-06
2.027608290918879632e-06
2.026242956033532916e-06
2.023521537744649819e-06
2.019426718295640152e-06
2.016479175199453429e-06
2.014703479000584852e-06
2.012696098554924156e-06
2.010004781653493652e-06
2.009364837896993079e-06
2.011476349598835565e-06
2.011506870072759143e-06
2.009511492835641795e-06
2.006634994445102764e-06
2.002825970157018403e-06
1.999047700415661161e-06
1.994593283027979424e-06
1.991499687898219295e-06
1.990660399392840200e-06
1.988944030059789490e-06
1.985174672055587902e-06
1.980313020945003027e-06
1.973464774317239406e-06
1.968842245605935961e-06
1.969619984351195767e-06
1.970167195754309000e-06
1.967137456240312254e-06
1.964999606682386981e-06
1.967118646792432211e-06
1.968117002207360760e-06
1.964883320932114524e-06
1.960541982384088938e-06
1.955762273668730207e-06
1.952342665565755332e-06
1.952462355054868962e-06
1.953461815188767741e-06
1.953128224942623881e-06
1.951712160551646669e-06
1.947407574483661246e-06
1.942472514428444157e-06
1.939300731537213719e-06
1.936814796764274570e-06
1.935397517546269678e-06
1.934441649629006510e-06
1.933045591822262589e-06
1.931429174471389504e-06
1.929837038092814936e-06
1.927999752239211799e-06
1.925534472098262314e-06
1.922852373602541726e-06
1.920388383207778204e-06
1.918601177773338191e-06
1.918304844531119847e-06
1.918246355362366863e-06
1.915805643633791316e-06
1.911854442738941356e-06
1.908364379044121814e-06
1.905068432776867519e-06
1.902446032072117759e-06
1.900254273970652404e-06
1.898920837127836573e-06
1.898683041564661728e-06
1.897344534954609312e-06
1.895175910458764420e-06
1.893005772960249803e-06
1.890623755687139002e-06
1.887601314868425019e-06
1.883968048040403486e-06
1.883954582603332969e-06
1.887759243792328401e-06
1.886882105549660940e-06
1.880491852670938100e-06
1.877074363138413294e-06
1.877915220011264051e-06
1.878328752921158691e-06
1.878313233800720273e-06
1.874708940873811103e-06
1.865660131651719740e-06
1.860388941750113976e-06
1.861869614190322174e-06
1.862083943065339928e-06
1.858522188593624503e-06
1.855799662653573719e-06
1.855613633343516833e-06
1.856260698896564540e-06
1.857918211871026557e-06
1.857534835949500058e-06
1.852749801477069903e-06
1.847969740187841050e-06
1.845507052215581862e-06
1.843849435208456607e-06
1.842216813746590531e-06
1.841438956090294058e-06
1.842285971452099558e-06
1.842713627143569480e-06
1.839858841105769682e-06
1.836799712395353631e-06
1.836834025319771461e-06
1.837479925519327658e-06
1.837092332729459993e-06
1.835700475527831528e-06
1.832641551914973770e-06
1.829199773014380203e-06
1.828217191161252967e-06
1.827642802797704845e-06
1.825660260863237741e-06
1.823041035364957533e-06
1.821466744927239462e-06
1.820503772783821103e-06
1.819740563791216009e-06
1.818771605686037897e-06
1.815163692365016575e-06
1.810773361513431692e-06
1.810615593031482307e-06
1.813108535350179931e-06
1.812763180389482355e-06
1.810799275054513882e-06
1.808862995800221113e-06
1.807100544952529091e-06
1.805565094091410875e-06
1.804229822901604520e-06
1.802264602198723258e-06
1.799952017205493401e-06
1.797813047384375681e-06
1.796074842807367933e-06
1.795562188373466847e-06
1.796644905061471542e-06
1.795926754667449567e-06
1.793609645514023229e-06
1.792090034306590583e-06
1.790967492766936781e-06
1.789273320213051610e-06
1.786759713594838904e-06
1.783479016193057507e-06
1.779012926717058408e-06
1.776728918880807057e-06
1.777240577236163824e-06
1.778312339222697834e-06
1.779601944367253301e-06
1.779677657857641224e-06
1.777214240822159499e-06
1.774948793816744542e-06
1.773470183760312219e-06
1.771822233212127748e-06
1.769753902468582486e-06
1.767320585617062262e-06
1.764889920158670974e-06
1.763240949320778266e-06
1.763739625198885883e-06
1.763648379658480226e-06
1.761411049731421144e-06
1.759004855533366639e-06
1.757352822439904724e-06
1.756113962812073402e-06
1.756038520418588196e-06
1.755571775313257106e-06
1.753774077415805012e-06
1.752335570527542076e-06
1.753409704472841810e-06
1.754313026665827727e-06
1.751928814788462767e-06
1.748967495938838232e-06
1.748320882295358692e-06
1.747862966154966737e-06
1.744711555216223675e-06
1.741206988396518243e-06
1.740005961988640962e-06
1.739926824586543592e-06
1.739489391882062824e-06
1.738665459221463470e-06
1.737103403255557272e-06
1.735131292221445887e-06
1.733731532182568899e-06
1.732549438132569880e-06
1.731745394233649803e-06
1.730912845760615393e-06
1.727257864409550175e-06
1.722304459908969464e-06
1.722827434664249840e-06
1.726374190959082779e-06
1.724831506368370954e-06
1.719481205106010957e-06
1.717375270638195000e-06
1.717342919583941336e-06
1.716743483699932640e-06
1.715575829926753806e-06
1.715185863205758672e-06
1.715331641864857292e-06
1.714373014488534080e-06
1.712261171455011032e-06
1.710740092680323887e-06
1.709778669292183529e-06
1.708630186853310369e-06
1.707132443339356956e-06
1.705234424064502761e-06
1.702406204608224981e-06
1.700536601115048843e-06
1.699784806681685083e-06
1.699773271928162544e-06
1.701615577570725939e-06
1.700113147664725810e-06
1.692864284481754179e-06
1.688960641255630203e-06
1.691743570917700813e-06
1.693568131257109321e-06
1.692460467401315054e-06
1.690981502200466455e-06
1.690424849803021730e-06
1.688760173733075128e-06
1.684522318294223025e-06
1.681023295616825686e-06
1.681042669221853140e-06
1.680848807189553883e-06
1.678662711642704525e-06
1.676662022197171756e-06
1.676488858907697644e-06
1.676314299568308111e-06
1.674310790467861582e-06
1.672127036114365409e-06
1.670153319481332063e-06
1.668879896661726430e-06
1.669450410243714423e-06
1.669473419685278342e-06
1.665863026208438431e-06
1.661531809302021641e-06
1.660466361065398223e-06
1.660483929412161641e-06
1.660498497999186085e-06
1.660175813073972485e-06
1.658560960781895834e-06
1.656432322687900943e-06
1.655565149187868705e-06
1.655414930055444886e-06
1.654364654947388663e-06
1.652954215251755693e-06
1.651183324200562612e-06
1.649055654624430024e-06
1.648387058289078820e-06
1.648432418380160915e-06
1.647197980700865512e-06
1.645095718638371740e-06
1.643708050134951843e-06
1.642854727643815732e-06
1.642890443620317308e-06
1.643634978267060025e-06
1.642624702151335761e-06
1.639987976107358223e-06
1.638444898392271419e-06
1.637938328490334176e-06
1.636748452119733121e-06
1.634850179121116625e-06
1.633130645302561410e-06
1.631586742379111355e-06
1.630952081428087971e-06
1.630993883540618010e-06
1.630504422982399237e-06
1.629513527542982709e-06
1.627465492282907158e-06
1.624337581230276400e-06
1.622293877426257087e-06
1.621653496940138963e-06
1.620659949663892442e-06
1.618966817943199237e-06
1.618000377668837756e-06
1.618401914268952437e-06
1.618130418487156844e-06
1.615388484328269492e-06
1.613198603695643153e-06
1.612750261454251838e-06
1.611925129063829194e-06
1.609911171321902809e-06
1.608618253512922472e-06
1.609898964108700463e-06
1.610483142310650307e-06
1.607973367224885292e-06
1.604919539381212389e-06
1.603106581494034718e-06
1.601956247376338509e-06
1.602557189356477567e-06
1.602811197935808980e-06
1.600478136638161462e-06
1.597458697753955405e-06
1.595474503871832968e-06
1.593688881979444621e-06
1.592219718320894550e-06
1.591464491000722701e-06
1.592391833797025087e-06
1.593513524918676058e-06
1.592237396085907669e-06
1.590106964323232313e-06
1.589856129440296630e-06
1.589942967894447017e-06
1.587642094251737629e-06
1.584491925186618369e-06
1.581855061402797183e-06
1.579927098411695435e-06
1.579669771257132759e-06
1.580624680660514715e-06
1.579711815470781833e-06
1.577613097580761061e-06
1.576192095327652948e-06
1.574941316511593609e-06
1.573857798989132563e-06
1.573111027308312689e-06
1.572531597469648783e-06
1.572483252151012422e-06
1.571900450465065218e-06
1.571175471376484069e-06
1.569945421831749414e-06
1.567848608344000177e-06
1.565446390774865541e-06
1.562374864639968274e-06
1.561147019560452650e-06
1.561590780455534762e-06
1.561893069976604617e-06
1.561996977209470590e-06
1.560763956001863749e-06
1.558224982178918299e-06
1.555994923231831769e-06
1.554291523565018776e-06
1.553585782261186132e-06
1.554373363590607630e-06
1.554660876293672544e-06
1.554281200867382785e-06
1.552905901169232637e-06
1.550206637847477043e-06
1.548005827306971840e-06
1.547321903820678294e-06
1.546773192694280837e-06
1.545920725200494814e-06
1.545534244484918090e-06
1.546492109141578381e-06
1.546622356472768195e-06
1.544612969229890389e-06
1.542276291943638017e-06
1.539777328176454310e-06
1.538101313973043432e-06
1.537898765396249206e-06
1.538212883722922911e-06
1.538987410526027439e-06
1.539622725141392249e-06
1.540065141219797164e-06
1.539388812840329635e-06
1.534961839558586123e-06
1.530187636548590649e-06
1.529677107417457023e-06
1.530141811012318315e-06
1.529140460367655201e-06
1.527679311976958293e-06
1.526028664096037957e-06
1.524702595522291505e-06
1.525509804732923458e-06
1.527093703227458506e-06
1.526599228471191594e-06
1.524622048796583368e-06
1.522028306481001185e-06
1.519275686193655559e-06
1.519585875107994513e-06
1.521664137219588216e-06
1.520843086734081239e-06
1.518412969031798331e-06
1.516787617735808101e-06
1.515831031226438982e-06
1.515488528760336194e-06
1.515785117157165975e-06
1.515786837276348480e-06
1.515466647195688503e-06
1.515117043634904767e-06
1.514313490204241739e-06
1.512553131114246166e-06
1.509677907680174584e-06
1.508078221917672842e-06
1.507753149820509778e-06
1.506472609129771963e-06
1.504237833299102212e-06
1.502985924615942479e-06
1.502815007165322779e-06
1.502988264323324801e-06
1.503763576673083418e-06
1.503298945759715662e-06
1.501408983791119891e-06
1.499967252541300681e-06
1.499342798022283971e-06
1.499031520267684598e-06
1.499507841826572829e-06
1.499980267569915032e-06
1.500293827969286068e-06
1.499217797114270518e-06
1.494813489957639125e-06
1.492456211305853623e-06
1.495459165772885285e-06
1.496548552102776151e-06
1.491868345740232161e-06
1.487193482093605184e-06
1.485935895903470450e-06
1.485174674873727632e-06
1.484255491301563350e-06
1.483648767152642591e-06
1.483664135146288417e-06
1.483988872876623382e-06
1.484466750711455180e-06
1.484659188210991381e-06
1.484044745375710887e-06
1.482991802639028700e-06
1.482375723913794721e-06
1.481476852816240352e-06
1.479464437954668431e-06
1.477637310511868228e-06
1.477665912954479570e-06
1.478155974573119065e-06
1.477380540175544996e-06
1.476169872532613604e-06
1.475114467299569649e-06
1.473777869813482877e-06
1.472413368954272059e-06
1.470895420370861602e-06
1.469685131175202459e-06
1.468809894685101338e-06
1.467906012842763854e-06
1.467029795799912371e-06
1.465206420415931253e-06
1.463106331414656306e-06
1.464217191430796820e-06
1.467310598801475307e-06
1.465665704240933124e-06
1.461125288856675903e-06
1.460398495952847024e-06
1.462411645850228977e-06
1.462442068715999805e-06
1.460950162696289585e-06
1.459306848055169595e-06
1.457541930367274625e-06
1.457113525337694068e-06
1.458227837075493867e-06
1.458250281763530995e-06
1.457391125892861778e-06
1.456986344433589388e-06
1.457004216306397682e-06
1.456746598184928480e-06
1.456034900061029448e-06
1.454417848383755634e-06
1.451897705994866730e-06
1.450133538908749672e-06
1.449722679942921594e-06
1.449911794542164707e-06
1.451178637840163809e-06
1.451212872605165732e-06
1.448424363633974667e-06
1.447408131364553939e-06
1.450612867297370518e-06
1.451837695148521151e-06
1.448153652451479116e-06
1.444921077346408563e-06
1.444499534705019510e-06
1.444701999929187796e-06
1.445647825611750835e-06
1.445696832611784929e-06
1.443511280949762663e-06
1.440583929644047283e-06
1.437391011737744412e-06
1.435360618003441205e-06
1.437484983824251627e-06
1.439753235672486185e-06
1.438637502727463197e-06
1.436308878257566131e-06
1.434454515466119111e-06
1.433044697818721630e-06
1.433526589858371873e-06
1.434181161538424458e-06
1.432327143509493627e-06
1.430326970115083287e-06
1.431420211000987971e-06
1.433540557780018208e-06
1.433156239549311102e-06
1.431595172397654696e-06
1.430328470205950376e-06
1.429502152891736177e-06
1.430288174519190723e-06
1.431686431389768988e-06
1.430709425717999664e-06
1.428444204913668819e-06
1.427175388405494945e-06
1.426373810418818919e-06
1.425251066789409597e-06
1.423865412209737359e-06
1.422771680945052375e-06
1.421823574429827349e-06
1.422184947143815017e-06
1.423562316510018768e-06
1.423628163622012295e-06
1.422820869321821229e-06
1.421577755752733150e-06
1.420044851781192570e-06
1.419092205913745145e-06
1.418718492533437868e-06
1.418951389992181618e-06
1.419876517983131658e-06
1.419382701412942272e-06
1.417270750631122719e-06
1.414757742415065214e-06
1.411496420238275546e-06
1.409563612660678026e-06
1.409071082243810928e-06
1.409584317408126298e-06
1.411791070109753217e-06
1.413016979831380344e-06
1.412373596922095057e-06
1.411155827455535478e-06
1.409537339022832451e-06
1.407890716382614833e-06
1.406531174936045740e-06
1.405458040520691029e-06
1.404813536449035730e-06
1.404340191416857569e-06
1.403551636111011606e-06
1.403504557296158613e-06
1.405279371111611138e-06
1.406794769801092422e-06
1.406854297436684393e-06
1.405661359340982915e-06
1.402337155905278002e-06
1.399158713697562052e-06
1.397544005937087825e-06
1.397064077622662559e-06
1.397433218937562519e-06
1.398083521951295977e-06
1.398590022500370373e-06
1.398528833684234186e-06
1.397335989278162602e-06
1.395720984794704658e-06
1.394669946108083730e-06
1.393930010369430375e-06
1.394005601016932616e-06
1.394671934770532116e-06
1.395166028462456705e-06
1.395546696630293103e-06
1.394069611804185899e-06
1.391780226354542381e-06
1.389633083201460483e-06
1.387738731006190395e-06
1.386855168201571409e-06
1.386811046709848389e-06
1.388024296545434720e-06
1.389654009218072381e-06
1.389743532753199435e-06
1.388435464361412250e-06
1.387267306018501134e-06
1.385851076339439478e-06
1.384404982030451154e-06
1.383098692725985014e-06
1.381931888872169186e-06
1.381072583223244180e-06
1.380323683490557418e-06
1.379880188521364064e-06
1.379961236296274668e-06
1.380347347489494683e-06
1.381118778783323718e-06
1.382469931273714229e-06
1.382434539306620341e-06
1.380738809118600318e-06
1.378907095134974542e-06
1.377184062060496700e-06
1.375905328126453214e-06
1.374765917760216180e-06
1.374727360560822084e-06
1.376093461411375041e-06
1.376465163960017845e-06
1.375321681691335764e-06
1.373628956361913114e-06
1.371113801050600343e-06
1.370002988235451706e-06
1.371191641633950542e-06
1.372133116017047616e-06
1.371536567918018013e-06
1.370696571855142666e-06
1.369552250004768571e-06
1.368847557394958927e-06
1.369887510558216113e-06
1.370681622194238310e-06
1.370109852184087123e-06
1.369266091503120511e-06
1.368012565297128377e-06
1.366895491526079504e-06
1.366292722647931515e-06
1.365991938600975283e-06
1.365990454583116563e-06
1.366093629188602269e-06
1.366059723386609176e-06
1.365617950871453751e-06
1.364227444201384651e-06
1.362596706338108237e-06
1.361479119249368796e-06
1.360495757588242042e-06
1.359812250406028904e-06
1.359503370497978729e-06
1.359627948509837205e-06
1.359990784904641275e-06
1.360112334910316437e-06
1.360097857546568832e-06
1.360052189273618541e-06
1.360035185165840314e-06
1.360016927833039322e-06
1.360131684708918995e-06
1.359439934783768772e-06
1.358077406660109884e-06
1.356685469378728107e-06
1.355220218730134385e-06
1.354126009682260572e-06
1.353701519810983182e-06
1.353409899625426733e-06
1.353384406739638918e-06
1.353491096604263918e-06
1.353759794587098137e-06
1.352797420360706812e-06
1.351036056027988079e-06
1.350237376492693717e-06
1.350472315061575777e-06
1.351666188138060516e-06
1.354023026304405816e-06
1.356007912874809619e-06
1.357324680693125860e-06
1.358078809508355574e-06
1.358330779486392293e-06
1.357918713396540131e-06
1.356579098472907228e-06
1.355504658935770598e-06
1.355325527432012982e-06
1.355175734016108898e-06
1.355156945325528263e-06
1.354741025317134197e-06
1.353563568002552565e-06
1.353014960900727064e-06
1.353914634277261419e-06
1.355206969618339915e-06
1.357285047537736516e-06
1.357681572029144713e-06
1.353971788958300275e-06
1.350660345601767867e-06
1.349088406834360494e-06
1.349584394920325752e-06
1.353516468005435052e-06
1.357150030244669599e-06
1.357536553057845635e-06
1.356743569812299766e-06
1.355134971699150595e-06
1.353296758129227708e-06
1.351590434213367739e-06
1.350276658843225155e-06
1.349975801772315308e-06
1.350485633153469141e-06
1.351906528376714613e-06
1.352934111502156457e-06
1.350576659769635488e-06
1.346921624529150649e-06
1.344309781167430883e-06
1.342608777281593179e-06
1.344570771511951339e-06
1.347925027888421823e-06
1.349460411307168051e-06
1.349827125987095573e-06
1.349446503949386685e-06
1.348259142566886847e-06
1.347717390008088538e-06
1.347464497566668090e-06
1.347308865035467252e-06
1.347570364207504953e-06
1.348346295983466007e-06
1.349475803171474786e-06
1.349216853282611246e-06
1.347798424763487374e-06
1.345835039516519252e-06
1.343391225456585868e-06
1.343517392046657664e-06
1.345953325055521418e-06
1.348000682706676821e-06
1.349531649319823217e-06
1.348623674983227588e-06
1.345538950707544322e-06
1.343352420208942394e-06
1.342063055360506704e-06
1.341668953679145865e-06
1.342296177443556689e-06
1.343305680998905719e-06
1.345077613867698270e-06
1.346622830939393386e-06
1.348262512864837193e-06
1.348878575621591540e-06
1.348505303218773951e-06
1.347464476621777142e-06
1.345945480386690572e-06
1.344014550268784112e-06
1.341355658707612450e-06
1.339555132763733751e-06
1.339436951605230173e-06
1.340077255840928448e-06
1.341697781562197685e-06
1.343221466210166507e-06
1.344361662544425182e-06
1.345121079604227737e-06
1.345624583968972025e-06
1.345589167068833566e-06
1.344448826902777749e-06
1.343433943138773553e-06
1.343807673893914464e-06
1.345061267661312125e-06
1.348076752933049575e-06
1.350869519948343092e-06
1.351232824155380925e-06
1.350461964038663363e-06
1.348685991794907391e-06
1.347035826484011696e-06
1.347804723230480754e-06
1.349418434719575777e-06
1.351155940376518983e-06
1.352419957691794717e-06
1.351894363810605993e-06
1.350774154307585932e-06
1.350122802732490504e-06
1.349754643016714588e-06
1.350477882768857788e-06
1.351606438361256125e-06
1.351983228462312565e-06
1.351951632793713094e-06
1.351327457044436041e-06
1.350579363395767072e-06
1.351699322885013471e-06
1.354279528950370500e-06
1.357386920932880059e-06
1.360864131024217282e-06
1.362470256947682669e-06
1.362456458177774535e-06
1.362068631038809227e-06
1.361555935912978216e-06
1.361291104430505042e-06
1.361522992074801882e-06
1.361628407087584943e-06
1.361889475936894966e-06
1.361868541304581990e-06
1.361847642606463366e-06
1.362072090196753291e-06
1.362452977516948734e-06
1.363169205396195344e-06
1.364130702080419616e-06
1.365247823895220245e-06
1.366451990021675655e-06
1.367811542892375043e-06
1.369257701615536876e-06
1.370857929934288180e-06
1.372456704889392910e-06
1.374019451809456063e-06
1.375611933824126415e-06
1.377079868843247919e-06
1.378387547427709544e-06
1.379481597823905068e-06
1.380450581059313422e-06
1.381294667999627671e-06
1.382135724635697023e-06
1.382696634641360621e-06
1.383167004541920987e-06
1.383145360326653754e-06
1.382142375584529125e-06
1.381262001747853146e-06
1.380871148102642538e-06
1.381125204169499075e-06
1.382444401825931570e-06
1.384250104524571823e-06
1.386298507132635781e-06
1.388709234839984336e-06
1.391883653207822773e-06
1.394776060358825127e-06
1.396811870875753273e-06
1.397989771227317229e-06
1.397860105004862613e-06
1.397328391809188064e-06
1.397440725872337403e-06
1.398003009012669927e-06
1.398964338466813504e-06
1.400374256735718384e-06
1.401939158181662344e-06
1.403864979610763835e-06
1.405754278883525144e-06
1.408161372534148696e-06
1.411049811622354575e-06
1.414386278272467576e-06
1.418359790583539297e-06
1.422573265037190514e-06
1.426297636883456536e-06
1.429653294309419261e-06
1.432764027718223929e-06
1.435592996364495927e-06
1.438089705800549126e-06
