2.520463090326960032e+00
2.517570565851029230e+00
2.513511757916802480e+00
2.508450803838003562e+00
2.502655764524129633e+00
2.496384950183792029e+00
2.490241166215022339e+00
2.484527773113677451e+00
2.479719469786028974e+00
2.478326684101612276e+00
2.479018788222268732e+00
2.482063930999296897e+00
2.487306535436900834e+00
2.491678238738967988e+00
2.497348967638767014e+00
2.504241501399069758e+00
2.512246690646410485e+00
2.521119249912827431e+00
2.531049823256106723e+00
2.541906914326982125e+00
2.553549066726382932e+00
2.565960782098693826e+00
2.578948034616539431e+00
2.592387325458312741e+00
2.606202047492492735e+00
2.620173701919896292e+00
2.634233368306005740e+00
2.648157456935050114e+00
2.661843431718597941e+00
2.675213724409265303e+00
2.688052887966556614e+00
2.700270483686612710e+00
2.711730600622417331e+00
2.722434133190924310e+00
2.732164229279378187e+00
2.740864456816727301e+00
2.748604363671263151e+00
2.755177381441628714e+00
2.760574685721605359e+00
2.764882006020800809e+00
2.768027968806157535e+00
2.769947625981262540e+00
2.770775164269815072e+00
2.770527120804471277e+00
2.769195833190567058e+00
2.766854873586406693e+00
2.763585134962813328e+00
2.759463093215682505e+00
2.754556582627016859e+00
2.748881725680569765e+00
2.742660884086854711e+00
2.735819111894610245e+00
2.728590488190395735e+00
2.720905959920298045e+00
2.712918235036010817e+00
2.704784106644281039e+00
2.696442664547207713e+00
2.687969546437099400e+00
2.679447407716769369e+00
2.670961171458422267e+00
2.662518485892837905e+00
2.654124090692557392e+00
2.645858504227629471e+00
2.637733015393082248e+00
2.629751062436673781e+00
2.621918295265866394e+00
2.614241895980891961e+00
2.606728241546030667e+00
2.599450792864712589e+00
2.592273095040239728e+00
2.585268315282265306e+00
2.578442691995020297e+00
2.571799042642131550e+00
2.565267720269867269e+00
2.558851432919076796e+00
2.552626715723666617e+00
2.546521499270511413e+00
2.540538806235824065e+00
2.534753150188111981e+00
2.529094572336568536e+00
2.523563323184684126e+00
2.518161857907904810e+00
2.512962614239937054e+00
2.507895300399820115e+00
2.503032457997945048e+00
2.498374947354594422e+00
2.493851773299594843e+00
2.489535278581513911e+00
2.485354623763153636e+00
2.481453063280169236e+00
2.477688411295214888e+00
2.474132133762050767e+00
2.470784978343754101e+00
2.467646951480471085e+00
2.464647966923350975e+00
2.461787278547021174e+00
2.459065139688268786e+00
2.456553882348838869e+00
2.454040054026326079e+00
2.451666213657668791e+00
2.449360563469291208e+00
2.447123401080637084e+00
2.444885992693454746e+00
2.442645545894892134e+00
2.440404357500301824e+00
2.438090066036047610e+00
2.435776551844302418e+00
2.433317633086319098e+00
2.430857978931894703e+00
2.428257000349646866e+00
2.425582528901142343e+00
2.422839306292303263e+00
2.419948323003487722e+00
2.417061144751191382e+00
2.414032875063176320e+00
2.410928174104881805e+00
2.407895183417224416e+00
2.404724365987869650e+00
2.401619504076498490e+00
2.398591800461688628e+00
2.395548718569579183e+00
2.392656209124485844e+00
2.389833087255383237e+00
2.387221399225028406e+00
2.384753009079314978e+00
2.382501320806496459e+00
2.380442457342550444e+00
2.378603101262065422e+00
2.377130245799247366e+00
2.375850761580478476e+00
2.374829262072345237e+00
2.374183906152434798e+00
2.373796844363078584e+00
2.373659940364329035e+00
2.373850950163153506e+00
2.374368074955111485e+00
2.375061499236108098e+00
2.376061308496895563e+00
2.377161663055661567e+00
2.378594300991363042e+00
2.380133134553331420e+00
2.381832138281565925e+00
2.383519168990538173e+00
2.385716043673877795e+00
2.387464898348539144e+00
2.389737233234383140e+00
2.391103570183066296e+00
2.393456768155540093e+00
2.395667614593260719e+00
2.397806625591985874e+00
2.399944360290493517e+00
2.401939681172167607e+00
2.403792528958223151e+00
2.405502840527830255e+00
