1.459004098266902583e+00
1.459873090162497666e+00
1.460782521916557330e+00
1.461739122260916846e+00
1.462684423757543817e+00
1.463564103724213528e+00
1.464249822443378868e+00
1.465169138622070655e+00
1.466049735241530483e+00
1.467012593744853044e+00
1.467791625000181677e+00
1.468701044056224037e+00
1.469812622456365236e+00
1.470565116326724597e+00
1.471430186105874283e+00
1.472090076522808211e+00
1.472728597127208827e+00
1.473436590907098331e+00
1.474409846026449200e+00
1.475059240368485014e+00
1.475784295831597870e+00
1.476576416912844358e+00
1.479238463677887028e+00
1.480492326697923522e+00
1.479739761207587767e+00
1.480460776077795693e+00
1.482788500725455538e+00
1.486492537836483274e+00
1.483834988025117596e+00
1.483167096614043334e+00
1.482762383219297320e+00
1.482786369633249723e+00
1.483046979840686452e+00
1.483218720393177703e+00
1.483592502672616886e+00
1.484227079380604719e+00
1.484766617280726342e+00
1.485411270257138927e+00
1.485884414189169389e+00
1.486156687300483670e+00
1.486827245614816828e+00
1.487438692366851445e+00
1.487984388448406525e+00
1.488324851078685285e+00
1.488604860100503302e+00
1.489263471147226570e+00
1.489427426052660319e+00
1.489907019755570827e+00
1.490362210417934374e+00
1.490873399272233613e+00
1.491157634831832723e+00
1.491514706446327221e+00
1.491834407344473812e+00
1.492469879044199033e+00
1.492632370044156609e+00
1.493131853330731174e+00
1.493658334630302065e+00
1.494003637576761800e+00
1.494074267086264340e+00
1.494435528262104018e+00
1.494917312887518612e+00
1.495013518852706724e+00
1.495581949108045094e+00
1.495464409537929695e+00
1.495821185227991013e+00
1.496298306249116639e+00
1.496282291778218587e+00
1.496384231848679969e+00
1.496481136486361718e+00
1.497440171699631728e+00
1.496948432372283921e+00
1.497129180703620221e+00
1.496920161076970457e+00
1.497237979937167784e+00
1.496054915670776753e+00
1.494096333727205295e+00
1.493257191882744417e+00
1.492415083313828550e+00
1.491781438009435190e+00
1.491641696081000612e+00
1.491052206817552683e+00
1.491995401791712972e+00
1.492582072316864572e+00
1.492677502218436647e+00
1.493097804099019932e+00
1.492940550469463945e+00
1.492840777337196112e+00
1.492936696322424428e+00
1.493290763860181780e+00
1.493833845715114350e+00
1.493775612254094609e+00
1.494123428053991232e+00
1.494429973632626307e+00
1.494545135376391887e+00
1.494772098414644645e+00
1.495004057215272297e+00
1.495258857951298204e+00
1.495387703740607810e+00
1.495496396840163111e+00
1.495648730637386237e+00
1.495750387518666180e+00
1.496045891234349279e+00
1.496057251610873218e+00
1.496248033852791703e+00
1.496356536182999797e+00
1.496502308581432406e+00
1.496693021557535364e+00
1.496643409361493759e+00
1.496755477539152279e+00
1.496769271161645598e+00
1.496988596197954768e+00
1.497084435114943712e+00
1.497274577462018863e+00
1.497417378465391025e+00
1.497426096001564177e+00
1.497448937496518306e+00
1.497835927286636837e+00
1.497666624101466670e+00
1.497853334739843056e+00
1.498017437102231897e+00
1.498293408419947959e+00
1.498213491005845333e+00
1.498413640626913512e+00
1.498537931093876452e+00
1.498580162116030179e+00
1.498635681175120471e+00
1.498779486648392778e+00
1.498852330090786777e+00
1.498952572253435811e+00
1.499080772254042682e+00
1.498949761003984138e+00
1.499099127775144202e+00
1.499222506799899435e+00
1.499222987201556556e+00
1.499390765820284965e+00
1.499559261026564894e+00
1.499595191478042988e+00
1.499518360912186710e+00
1.499668537708490401e+00
1.499737366986876985e+00
1.499902596414371292e+00
1.499965116554595523e+00
1.500065211250724451e+00
1.499978961240576947e+00
1.500044705275673129e+00
1.500215032518259273e+00
1.500139941934929055e+00
1.500237612488148686e+00
1.500164757496806223e+00
1.500396847588338245e+00
1.500372682308407812e+00
1.500447187609161404e+00
1.500552381528863277e+00
1.500574805426359903e+00
1.500815664391135007e+00
1.500764763230513887e+00
1.500738719177538982e+00
1.500933557694855036e+00
1.500787955680097818e+00
1.500878736440183214e+00
1.500901647918611248e+00
1.500879191572763949e+00
1.500920699050392493e+00
1.501050987050544183e+00
1.501098593172758955e+00
1.501179638742926370e+00
1.501193657098626844e+00
1.501277691144665027e+00
1.501321970458854738e+00
1.501415211109026870e+00
1.501316344897038801e+00
1.501149806853173230e+00
1.501236749607052223e+00
1.501514173264271612e+00
1.501360121581330587e+00
1.501230141726073386e+00
1.501116644858944582e+00
1.501306645185706667e+00
1.501718069490867391e+00
1.501777502895645267e+00
1.501770265249594560e+00
1.501644364598744508e+00
1.501290459819687451e+00
1.501568523335401029e+00
1.501894157494275017e+00
1.501618520535484613e+00
1.501847346793777627e+00
1.502003268370235123e+00
1.501758929521185060e+00
1.501786945512432636e+00
1.501919929886536664e+00
1.501992646893818062e+00
1.502130669057225365e+00
1.502175230120573302e+00
1.502201030105548174e+00
1.502294361291941716e+00
1.502326358582385391e+00
1.502410254301131287e+00
1.502576055877111516e+00
1.502395319237606275e+00
1.502461623407540525e+00
1.502523538284832760e+00
1.502592931679717081e+00
1.502618531622846199e+00
1.502590388213205452e+00
1.502634727038424156e+00
1.502639688429072917e+00
1.502611542676388634e+00
1.502599033979708620e+00
1.502637082889640041e+00
1.502667046610574930e+00
1.502629515704836605e+00
1.502804295372555110e+00
1.502791780371707908e+00
1.502857915217064466e+00
1.502834650665584748e+00
1.502894498283883884e+00
1.502827025620308898e+00
1.502902508451143593e+00
1.502894864135662534e+00
1.502863568530213412e+00
1.502871565480466298e+00
1.502840270986222304e+00
1.502945600699195028e+00
1.502962966303542203e+00
1.502810709290217650e+00
1.503003943256970398e+00
1.502782547353109122e+00
1.502952153432809634e+00
1.503126548225368397e+00
1.503228645342216563e+00
1.502961812034714573e+00
1.503018407072113316e+00
1.502787701105780416e+00
1.503010692633294010e+00
1.503131550954547535e+00
1.503178703275008132e+00
1.502985646444018775e+00
1.503084576833511932e+00
1.503111283991422908e+00
1.503029685261555004e+00
1.503137987084440796e+00
1.503098757480332726e+00
1.503059525845432010e+00
1.503067442630107386e+00
1.503097274341683942e+00
1.503025082867896378e+00
1.503097274341840706e+00
1.503293372738597089e+00
1.503036129820238154e+00
1.503283973555298303e+00
1.503131870893759992e+00
1.503131870893835043e+00
1.503161689887174024e+00
1.502959334946939229e+00
1.503216565026556761e+00
1.503189880107128840e+00
1.503125607092898441e+00
1.503298120313244723e+00
1.503070732432762346e+00
1.503116211544266667e+00
1.503236980395713740e+00
1.503128738983696921e+00
1.503262042842907320e+00
1.503174218670339179e+00
1.503219697589262438e+00
1.503053433707217224e+00
1.503062827792571499e+00
1.503235360705754253e+00
1.503247891566380279e+00
1.503326319600001959e+00
1.503296505842222963e+00
1.503315304883031223e+00
1.503249398224760780e+00
1.503476825447771503e+00
1.503335616736725555e+00
1.503572467071278673e+00
1.503395153644341953e+00
1.503462589462389420e+00
1.503468857891447907e+00
1.503503335709979849e+00
1.503468739064376392e+00
1.503203387694048265e+00
1.503335158488293910e+00
1.503388423892461301e+00
1.503287736850628997e+00
1.503317374738086576e+00
1.503453794139273603e+00
1.503409390465599182e+00
1.503325564021488425e+00
1.503372187620931610e+00
1.503246993847127788e+00
1.503561150057581841e+00
1.503339969599403414e+00
1.503318810060200184e+00
1.503477799351216948e+00
1.503400786356155372e+00
1.503127808676862243e+00
1.503316346809620452e+00
1.503416414963708814e+00
1.503332483979207268e+00
1.503493499297056779e+00
1.503220717740174184e+00
1.503126757863956886e+00
1.503208537453834426e+00
1.503329452958164225e+00
1.503282454761069697e+00
1.503351387022874963e+00
1.503279220149225992e+00
1.503279220149277284e+00
1.503180346849992244e+00
1.503429811663703264e+00
1.503411007436140645e+00
1.503376534928997588e+00
1.503367133765215469e+00
1.503522354201781042e+00
1.503404739523890976e+00
1.503462752195554586e+00
1.503508228195133745e+00
1.503599177899242134e+00
1.503384332790053346e+00
1.503469020943239309e+00
1.503547433420720170e+00
1.503384332790194122e+00
1.503478424217843834e+00
1.503563108596659870e+00
1.503454885111811246e+00
1.503527036698106167e+00
1.503602313270638424e+00
1.503575649105306278e+00
1.503669737831712983e+00
1.503591325200734241e+00
1.503793615117816396e+00
1.503597595781987373e+00
1.503718349665920995e+00
1.503621125926004609e+00
1.503508228195950203e+00
1.503735596724018242e+00
1.503649346288142397e+00
1.503837532123697418e+00
1.503655617704565239e+00
1.503792054664254696e+00
1.503810875449465900e+00
1.503735595400576219e+00
1.503732459121585263e+00
1.503741868020022299e+00
1.503845382133492725e+00
1.503815582194763412e+00
1.503743426114822812e+00
1.503840677648068613e+00
1.503762244286456662e+00
1.503817145827128776e+00
1.503839104070654686e+00
1.503854789143094672e+00
1.503785751212686428e+00
1.503952054789439829e+00
1.503796746177604504e+00
1.503829693272512813e+00
1.503845378038573877e+00
1.503903422001992451e+00
1.503955192578226630e+00
1.503915971853304390e+00
1.503915971853341915e+00
1.504124611308685910e+00
1.503900284590437675e+00
1.503770068785818870e+00
1.504003825651792914e+00
1.503895572721418938e+00
1.503944210213706167e+00
1.503865757373025858e+00
1.503748062911669292e+00
1.503875168756297676e+00
1.503859483219753157e+00
1.503716701817322754e+00
1.503755932379711613e+00
1.503680604949823474e+00
1.503829664725340853e+00
1.503848486026768905e+00
1.503802979214949653e+00
1.503796706038285746e+00
1.503721371198310841e+00
1.503646027085381531e+00
1.503694675421151095e+00
1.503700947030498947e+00
1.503716626410818602e+00
1.503693060797250292e+00
1.503702468090318600e+00
1.503620834029359088e+00
1.503696196541300045e+00
1.503729170282396499e+00
1.503813927853395738e+00
1.503693060797446801e+00
1.503581581846982873e+00
1.503645916153304452e+00
1.503722797845033377e+00
1.503587704862813235e+00
1.503699219998362979e+00
1.503488885790038143e+00
1.503703982890041146e+00
1.503732205597972271e+00
1.503614428670323688e+00
1.503699219998518632e+00
1.503760429957219813e+00
1.503831052821756664e+00
1.503691315432555964e+00
1.503729069660174833e+00
1.503565761425709857e+00
1.503788655967605914e+00
1.503728944123033706e+00
1.503816883628802614e+00
1.503862420150065660e+00
1.503911093086435224e+00
1.503832566376142488e+00
1.503966041086663541e+00
1.504060249731451027e+00
1.503939328634040562e+00
1.504112061383841459e+00
1.504020990522542567e+00
1.504099506912560225e+00
1.504050834978589490e+00
1.504135623203678662e+00
1.504184293568813446e+00
1.504284774019806870e+00
1.504276919778041899e+00
1.504422945222029906e+00
1.504553260343915566e+00
1.504413522550707150e+00
1.504333444530966624e+00
1.504405657898284510e+00
1.504455914097826197e+00
1.504457496588314180e+00
1.504590964483612403e+00
1.504545428901512771e+00
1.504496751106914498e+00
1.504578396110613836e+00
1.504542287114040588e+00
1.504506175521868494e+00
1.504427662685970946e+00
1.504642784286676971e+00
1.504515600120454488e+00
1.504470061333771591e+00
1.504470061333797348e+00
1.504476343828824447e+00
1.504446508520243864e+00
1.504455931712683103e+00
1.504364843601073254e+00
1.504397825167902880e+00
1.504355422426828515e+00
1.504313018270421853e+00
1.504313018270446056e+00
1.504188936412800714e+00
1.504247042554912372e+00
1.504177915308597013e+00
1.504089946099608222e+00
1.504122946000618022e+00
1.503992559493841030e+00
1.503956415374918754e+00
1.503880982528901455e+00
1.503893529864445577e+00
1.503821221760753390e+00
1.503836903634855782e+00
1.503758310655831432e+00
1.503715875588803375e+00
1.503712740080786370e+00
1.503664033585395687e+00
1.503555523955647066e+00
1.503632447830033358e+00
1.503599406356763479e+00
1.503541287642304436e+00
1.503535019319431898e+00
1.503498840247997181e+00
1.503465792170115112e+00
1.503478326774708274e+00
1.503487727941474894e+00
1.503490861704373627e+00
1.503536448099071388e+00
1.503572630476281757e+00
1.503588302655230580e+00
1.503671507520695672e+00
1.503687183109140513e+00
1.503668372464008751e+00
1.503570924532708908e+00
1.503437285264363599e+00
1.503325564028618277e+00
1.503144531997663291e+00
1.502977281401863374e+00
1.502861231503329842e+00
1.502701136583438846e+00
1.502492726221152042e+00
1.502240474454384245e+00
1.502026478422363143e+00
1.501858189113331576e+00
1.501724235835088628e+00
1.501672303092479899e+00
1.501598535405864521e+00
1.501573581663966150e+00
1.501625508113960450e+00
1.501674315320039810e+00
1.501658716216564216e+00
1.501676321277328530e+00
1.501635763945656121e+00
1.501613926793109677e+00
1.501654482290996295e+00
1.501707521542080315e+00
1.501735603502879046e+00
1.501741844160225492e+00
1.501704401425006719e+00
1.501611921928095894e+00
1.501583847530910676e+00
1.501571370544969808e+00
1.501574489761251519e+00
1.501586966827836322e+00
1.501553764615844999e+00
1.501563121859138095e+00
1.501575598465569428e+00
1.501545510245370973e+00
1.501536153468267409e+00
1.501514321693328435e+00
1.501514321693346865e+00
1.501526796872481251e+00
1.501514321693383502e+00
1.501486253718843367e+00
1.501504965520594759e+00
1.501554867203915400e+00
1.501586058374377419e+00
1.501604774043321378e+00
1.501579819979209418e+00
1.501471758266071488e+00
1.501459284675371819e+00
1.501496706414312543e+00
1.501527893412122561e+00
1.501516508688015783e+00
1.501500915513590773e+00
1.501438547849406113e+00
1.501422957191919316e+00
1.501420924150274061e+00
1.501436514533851962e+00
1.501375235207215386e+00
1.501384588366871942e+00
1.501388778811773461e+00
1.501374256879075775e+00
1.501337907673399030e+00
1.501344142360528711e+00
1.501310907066626177e+00
1.501277668606826987e+00
1.501244426980665958e+00
1.501220531292956517e+00
1.501212212343883579e+00
1.501240259884167649e+00
1.501207003627005321e+00
1.501216352399309173e+00
1.501186208245041787e+00
1.501195556488821969e+00
1.501183092203989267e+00
1.501137365902118548e+00
1.501159176253350491e+00
1.501190335604843495e+00
1.501227729477001782e+00
1.501213153007958212e+00
1.501203804677531117e+00
1.501158064654703139e+00
1.501186107155275451e+00
1.501174635971078475e+00
1.501128887615318819e+00
1.501080023338906999e+00
1.501068537478785547e+00
1.501057045832695280e+00
1.501029012720215050e+00
1.500949000348607676e+00
1.500921930859970832e+00
1.500956185256614228e+00
1.500954021339453659e+00
1.500958079219041119e+00
1.501017250226410749e+00
1.501027530243118191e+00
1.500984860197417836e+00
1.500959947558931473e+00
1.500951530315257409e+00
1.500968018145807159e+00
1.500895107396631678e+00
1.500846195678406048e+00
1.500837750600335418e+00
1.500851090008892053e+00
1.500812379251036388e+00
1.500810135263319189e+00
1.500767423494923314e+00
1.500650880036847212e+00
1.500620611772989887e+00
1.500618339452779892e+00
1.500597394544220142e+00
1.500557780246284167e+00
1.500543047600436664e+00
1.500550082736166191e+00
1.500538448418993420e+00
1.500511256976395869e+00
1.500496501525452331e+00
1.500500400473521623e+00
1.500488742983228319e+00
1.500415657898817701e+00
1.500394657130793563e+00
1.500382978582780691e+00
1.500352640779629487e+00
1.500300539530974531e+00
1.500257763259580823e+00
1.500233632868068101e+00
1.500190851756418642e+00
1.500113889912620513e+00
1.500077322958439652e+00
1.500118423067734907e+00
1.500128447463959347e+00
1.500054581488553085e+00
1.499996252755694481e+00
1.499996938232717181e+00
1.500028000060985578e+00
1.499960346136021583e+00
1.499905118570616702e+00
1.499957913376379404e+00
1.499958579928299729e+00
1.499933734921024886e+00
1.499908891183274973e+00
1.499930629384401470e+00
1.499955474233020114e+00
1.499946157266041302e+00
1.499939946053902240e+00
1.499989637972574563e+00
1.500036228757223755e+00
1.500030016394838128e+00
1.500005167738409639e+00
1.500011379783555476e+00
1.499968557077669074e+00
1.499931289812619362e+00
1.499844999035508941e+00
1.499860523737701623e+00
1.499854962257743285e+00
1.499846289708397951e+00
1.499874233801043788e+00
1.499828297047173686e+00
1.499766838160337068e+00
1.499782359475934301e+00
1.499767461825283421e+00
1.499786087219044939e+00
1.499792295842083512e+00
1.499727726949154683e+00
1.499690481879806025e+00
1.499706000312127196e+00
1.499752558579749762e+00
1.499752558579761974e+00
1.499715311609217006e+00
1.499653851840603735e+00
1.499647645163200149e+00
1.499653851840628160e+00
1.499626528462896458e+00
1.499623425333346249e+00
1.499558864632243305e+00
1.499552659345824601e+00
1.499519126163014748e+00
1.499525330932147682e+00
1.499479385601563797e+00
1.499461355810013830e+00
1.499523397902655653e+00
1.499514666131354090e+00
1.499520870574755138e+00
1.499471806358805281e+00
1.499453195412263407e+00
1.499391727745395864e+00
1.499363816591656962e+00
1.499311658137043368e+00
1.499333364031634863e+00
1.499299807102373538e+00
1.499281203543381125e+00
1.499204243044458984e+00
1.499099396093760639e+00
1.499025554995921494e+00
1.499026084527237845e+00
1.499023508871035526e+00
1.498928488853582319e+00
1.498888722241501492e+00
1.498907807210528187e+00
1.498868516810989426e+00
1.498813246946732125e+00
1.498742495631235183e+00
1.498665558155727329e+00
1.498607201614958528e+00
1.498641254017985425e+00
1.498644806322989353e+00
1.498672668955361775e+00
1.498727943634793114e+00
1.498700077428406940e+00
1.498705807579983285e+00
1.498736302637760254e+00
1.498776084220052818e+00
1.498874225674883709e+00
1.498978563058093627e+00
1.499076704900297985e+00
1.499171746559248453e+00
1.499266786293472764e+00
1.499358723068105359e+00
1.499441351529612998e+00
1.499520870575164588e+00
1.499603484094001793e+00
1.499695400967122172e+00
1.499766189782433257e+00
1.499840088988977582e+00
1.499879840574842804e+00
1.499897854552911358e+00
1.499922073601083872e+00
1.499906547829068737e+00
1.499900337658875538e+00
1.499900337658885530e+00
1.499912758078506547e+00
1.499940705180960787e+00
1.499953126630159561e+00
1.499910274729442827e+00
1.499910274729452819e+00
1.499864316598963132e+00
1.499851897774439946e+00
1.499830165593570630e+00
1.499818357650132050e+00
1.499905288823461413e+00
1.499923918950064161e+00
1.499818961154877117e+00
1.499800335311755273e+00
1.499843796720276456e+00
1.499838184458730295e+00
1.499869229886247490e+00
1.499847497879368108e+00
1.499745060042716904e+00
1.499655649372294119e+00
1.499708407235153640e+00
1.499742547722076269e+00
1.499677958383718757e+00
1.499668648474515642e+00
1.499696578736123609e+00
1.499694054454804082e+00
1.499749918680143068e+00
1.499774749280325947e+00
1.499691523762336720e+00
1.499651182157664575e+00
1.499644976053433831e+00
1.499651182157682783e+00
1.499657388340996711e+00
1.499633131044520118e+00
1.499676573744909813e+00
1.499713813427516529e+00
1.499701399883893504e+00
1.499685883398871322e+00
1.499674030469175356e+00
1.499714372786457695e+00
1.499739200486781776e+00
1.499748511200232448e+00
1.499690099521766795e+00
1.499668377720307255e+00
1.499683893194067918e+00
1.499662718694426244e+00
1.499662718694434904e+00
1.499610512375914029e+00
1.499616717587819448e+00
1.499589329738791887e+00
1.499607944529462999e+00
1.499623457397667226e+00
1.499555733386091605e+00
1.499518509047120141e+00
1.499503522851086013e+00
1.499571766542470597e+00
1.499596584797146637e+00
1.499596584797155296e+00
1.499553669577549098e+00
1.499556771629586116e+00
1.499562975792805508e+00
1.499572282185510419e+00
1.499572282185518857e+00
1.499523159929292415e+00
1.499520058136680989e+00
1.499523159929309291e+00
1.499544873029649228e+00
1.499591404354264190e+00
1.499567089748957915e+00
1.499560885716895831e+00
1.499567089748974347e+00
1.499579498049574688e+00
1.499582600173990699e+00
1.499530363364034002e+00
1.499508651551232807e+00
1.499468332174639373e+00
1.499462129489214979e+00
1.499456417992583335e+00
1.499502938821606790e+00
1.499552565924140657e+00
1.499540642083475372e+00
1.499531336983139118e+00
1.499525133681359979e+00
1.499531336983155105e+00
1.499491494478206732e+00
1.499488393116518603e+00
1.499479089149555078e+00
1.499426841922159692e+00
1.499429942847027686e+00
1.499467155480671998e+00
1.499495066815829558e+00
1.499445912862982011e+00
1.499436609981866120e+00
1.499396758779844463e+00
1.499406060763690318e+00
1.499433967777582533e+00
1.499455674334455590e+00
1.499412714650140144e+00
1.499418916062922991e+00
1.499465429166088493e+00
1.499465874333216320e+00
1.499456571489570678e+00
1.499437966333021066e+00
1.499413599906911587e+00
1.499435304584927353e+00
1.499413599906926686e+00
1.499342725109104490e+00
1.499352025508710051e+00
1.499379927768766274e+00
1.499358652883358678e+00
1.499374153919782016e+00
1.499334273042145282e+00
1.499331173094881731e+00
1.499337373009072882e+00
1.499303689121063599e+00
1.499319187950023835e+00
1.499334687269914479e+00
1.499260703727178123e+00
1.499208016803375010e+00
1.499202221697211845e+00
1.499289000849569620e+00
1.499249104363929774e+00
1.499190222520295324e+00
1.499141034028640629e+00
1.499168921320821690e+00
1.499144516643143854e+00
1.499153812156605037e+00
1.499175502374679114e+00
1.499163485108765181e+00
1.499175879458995775e+00
1.499169682244667623e+00
1.499129773435872393e+00
1.499142166745064397e+00
1.499108450802897341e+00
1.499111548918932391e+00
1.499108450802911330e+00
1.499046851812656733e+00
1.499043754152967978e+00
1.499016229174422010e+00
1.499044106827382761e+00
1.499102964862947918e+00
1.499063038630575884e+00
1.498970117110256517e+00
1.498889941132580450e+00
1.498964263635947036e+00
1.499023110287740712e+00
1.498989374030515576e+00
1.498992471158154594e+00
1.498968022127967981e+00
1.498968022127974642e+00
1.498881637715985704e+00
1.498850675271265587e+00
1.498835510978226093e+00
1.498817245181099267e+00
1.498807957746183472e+00
1.498758731870393657e+00
1.498783495888105000e+00
1.498765220205838578e+00
1.498759029409401977e+00
1.498706702510505195e+00
1.498657470840507600e+00
1.498663660164367251e+00
1.498700797750462055e+00
1.498685602241812465e+00
1.498651560922950043e+00
1.498605144755923879e+00
1.498571382938125085e+00
1.498599229765112506e+00
1.498627078175881921e+00
1.498648739145763020e+00
1.498648739145769238e+00
1.498639455755675032e+00
1.498651833648246612e+00
1.498719645926517519e+00
1.498728930978330709e+00
1.498732026034703013e+00
1.498771985995139167e+00
1.498762699985346725e+00
1.498821230925926118e+00
1.498892148775760047e+00
1.498898341254252475e+00
1.498932106290283617e+00
1.498978255368822454e+00
1.499033695291465351e+00
1.499104625100758037e+00
1.499187953893841962e+00
1.499240304794327683e+00
1.499264765355355022e+00
1.499307816291156392e+00
1.499369463351497567e+00
1.499418713221227328e+00
1.499455561598109554e+00
1.499452461307632545e+00
1.499495507875233447e+00
1.499554057794759698e+00
1.499625015803482064e+00
1.499686673720380892e+00
1.499695979658400846e+00
1.499729720717355663e+00
1.499744843718921805e+00
1.499735536569324568e+00
1.499751048583276791e+00
1.499803398768561724e+00
1.499800295948407358e+00
1.499809604467664093e+00
1.499886782619842318e+00
1.499908506928204099e+00
1.499886782619854309e+00
1.499874369160316023e+00
1.499892989467171089e+00
1.499905403396843084e+00
1.499853046555181590e+00
1.499856149708333586e+00
1.499905802822047773e+00
1.499899988827812614e+00
1.499881368830231265e+00
1.499853440155280104e+00
1.499804180822814859e+00
1.499810386340643342e+00
1.499847621091909167e+00
1.499835589870692543e+00
1.499820075667699371e+00
1.499792151335169965e+00
1.499739785186085195e+00
1.499733580750635564e+00
1.499733580750641337e+00
1.499702929180532829e+00
1.499746358494407072e+00
1.499792894156956269e+00
1.499795996690943323e+00
1.499783586672376545e+00
1.499762231854410377e+00
1.499790153191553621e+00
1.499774641142058274e+00
1.499743618509620902e+00
1.499721903830503189e+00
1.499712597832824290e+00
1.499734312101241418e+00
1.499777743512879624e+00
1.499787050742586114e+00
1.499774641142096465e+00
1.499774641142101794e+00
1.499734667868307669e+00
1.499740872029257988e+00
1.499753280585753856e+00
1.499768791721225458e+00
1.499793610554448042e+00
1.499809122960456875e+00
1.499821533237063464e+00
1.499824635855078636e+00
1.499812225500307239e+00
1.499750527345084850e+00
1.499719507195924395e+00
1.499722609122894346e+00
1.499756731609457105e+00
1.499744665566349555e+00
1.499772584604140535e+00
1.499775686817131914e+00
1.499753971736469849e+00
1.499695372160935403e+00
1.499689168862833100e+00
1.499701575537192078e+00
1.499741899387311062e+00
1.499729821103546579e+00
1.499748432477461035e+00
1.499748432477466364e+00
1.499723617468460724e+00
1.499708108722423550e+00
1.499677416270905450e+00
1.499692923808463974e+00
1.499702228565270579e+00
1.499720838605954176e+00
1.499721154909207543e+00
1.499749070867961276e+00
1.499736663580066853e+00
1.499718053233591863e+00
1.499696342050583775e+00
1.499647030878574760e+00
1.499668739549376184e+00
1.499699753594700091e+00
1.499740074770164355e+00
1.499777297242573582e+00
1.499768293707167688e+00
1.499780701400082572e+00
1.499721767637162584e+00
1.499656638510575180e+00
1.499672144665325613e+00
1.499663138225061587e+00
1.499669340612683310e+00
1.499666239409130242e+00
1.499660037060517315e+00
1.499660037060522200e+00
1.499657226689411926e+00
1.499713049436576240e+00
1.499728556875892238e+00
1.499716150885472166e+00
1.499691339840078852e+00
1.499663428905033014e+00
1.499694441152549240e+00
1.499759573216039810e+00
1.499725738450800483e+00
1.499704028639383235e+00
1.499697826011465285e+00
1.499747166446180779e+00
1.499765776717909782e+00
1.499796795396137306e+00
1.499821611741376293e+00
1.499840224818433043e+00
1.499858838596673127e+00
1.499911294544471474e+00
1.499901986431974477e+00
1.499870960656441987e+00
1.499907898234010162e+00
1.499926515152548934e+00
1.499926515152553597e+00
1.499951039238523354e+00
1.499951039238527795e+00
1.500015903037173581e+00
1.500043835667921766e+00
1.500127332888644416e+00
1.500142854566179018e+00
1.500173583313134884e+00
1.500170478696417842e+00
1.500182897280230021e+00
1.500244673257280503e+00
1.500278830778654315e+00
1.500356143726923941e+00
1.500387203410600057e+00
1.500390309486121954e+00
1.500371340372334217e+00
1.500349598739046497e+00
1.500476618194507950e+00
1.500523221274054908e+00
1.500454871591094586e+00
1.500429674169867722e+00
1.500429674169872163e+00
1.500438993700114798e+00
1.500488349757374662e+00
1.500500777507493444e+00
1.500525633943554871e+00
1.500556706243125982e+00
1.500590888023952685e+00
1.500618856689548863e+00
1.500631287714252027e+00
1.500634395519145903e+00
1.500646826933550892e+00
1.500653042757660982e+00
1.500680660165964797e+00
1.500668227704027968e+00
1.500693092939713091e+00
1.500727284675065887e+00
1.500736610102966440e+00
1.500736610102970880e+00
1.500696555708440405e+00
1.500693447513907763e+00
1.500690339338855761e+00
1.500684123047187457e+00
1.500684123047191676e+00
1.500690339338868640e+00
1.500696555708465718e+00
1.500702772155980691e+00
1.500690339338881074e+00
1.500671690697635841e+00
1.500718313615647892e+00
1.500805354787390744e+00
1.500796028217338485e+00
1.500684471120790509e+00
1.500693795444326906e+00
1.500759070615905744e+00
1.500783939606306738e+00
1.500777722241914525e+00
1.500768396341318311e+00
1.500712785613583344e+00
1.500728326886781483e+00
1.500774953625789943e+00
1.500799823010272593e+00
1.500806040550975329e+00
1.500778395566630286e+00
1.500803264721134234e+00
1.500821917403944994e+00
1.500831244007917231e+00
1.500821917403953210e+00
1.500793938642325909e+00
1.500738313153582082e+00
1.500753854723546832e+00
1.500781830774712278e+00
1.500831569865852755e+00
1.500856441277887310e+00
1.500822243407127443e+00
1.500825352207267871e+00
1.500915515867406569e+00
1.500965268331776903e+00
1.500869196064516409e+00
1.500825671501517133e+00
1.500841215551046659e+00
1.500869196064528399e+00
1.500912724436151757e+00
1.500937599501064534e+00
1.500915833751278683e+00
1.500878523252151098e+00
1.500834997872955601e+00
1.500816345305057364e+00
1.500884741474388662e+00
1.500956256615652684e+00
1.500956256615656459e+00
1.500931380618309330e+00
1.500915833751309991e+00
1.500909615140502584e+00
1.500943818461596191e+00
1.501024355843550984e+00
1.501008805818438541e+00
1.500990146429356686e+00
1.501036796213295998e+00
1.501105223801407984e+00
1.501120776836745163e+00
1.501111444957300201e+00
1.501108334369652741e+00
1.501114555564374342e+00
1.501154995223029642e+00
1.501207882803715643e+00
1.501210994012562416e+00
1.501186104885263495e+00
1.501182993831696288e+00
1.501189215958252721e+00
1.501189215958256495e+00
1.501182993831707613e+00
1.501182993831711388e+00
1.501186104885285921e+00
1.501217216488499817e+00
1.501270110667738411e+00
1.501295003986522714e+00
1.501301227510227765e+00
1.501298115738680883e+00
1.501288780540431800e+00
1.501291892253786564e+00
1.501307451111542512e+00
1.501335458277612389e+00
1.501379028103138946e+00
1.501391477322884249e+00
1.501369691391959638e+00
1.501295315876660430e+00
1.501248642664773092e+00
1.501229974602023232e+00
1.501242419899601721e+00
1.501276646068240295e+00
1.501348217458472911e+00
1.501398012301171425e+00
1.501407349386665757e+00
1.501404237005455888e+00
1.501391787674442702e+00
1.501379338653586304e+00
1.501373114259473951e+00
1.501373114259477504e+00
1.501382450879733543e+00
1.501394899978138353e+00
1.501401124643650054e+00
1.501422911583515152e+00
1.501485165215932671e+00
1.501541200111891294e+00
1.501566106524809152e+00
1.501562993155403758e+00
1.501513181879283731e+00
1.501466488312314995e+00
1.501454037430787203e+00
1.501466488312322101e+00
1.501497616872580876e+00
1.501534973702397302e+00
1.501569219913615250e+00
1.501591014177374506e+00
1.501587900653024388e+00
1.501532161940373644e+00
1.501532161940377419e+00
1.501538388210820640e+00
1.501563294067158827e+00
1.501600655175144627e+00
1.501634905306431289e+00
1.501666043821831664e+00
1.501656702063992377e+00
1.501628677835627812e+00
1.501603768726669674e+00
1.501585087708023458e+00
1.501588201162735059e+00
1.501609995887771554e+00
1.501659815963939826e+00
1.501718983739479762e+00
1.501743898576833880e+00
1.501737669751416204e+00
1.501734555367729262e+00
1.501681906101277386e+00
1.501672564204948879e+00
1.501666336370794497e+00
1.501663222482739757e+00
1.501666336370801158e+00
1.501629257443571674e+00
1.501641712057997236e+00
1.501666622215259483e+00
1.501697761652432295e+00
1.501694926300998656e+00
1.501747866586937263e+00
1.501769667151679144e+00
1.501754095223100327e+00
1.501692084359544932e+00
1.501676515102073228e+00
1.501670287534365711e+00
1.501623849669823541e+00
1.501645644108333899e+00
1.501698577400536250e+00
1.501686380696763301e+00
1.501683266947692497e+00
1.501667698492014091e+00
1.501633449589162783e+00
1.501587003919892638e+00
1.501636815822405824e+00
1.501680405292198817e+00
1.501689746385195701e+00
1.501649515437787352e+00
1.501646402023272708e+00
1.501652628871613437e+00
1.501699332694957700e+00
1.501739812854022249e+00
1.501749154892265015e+00
1.501708912143015384e+00
1.501702684703337010e+00
1.501699571012434786e+00
1.501708912143025154e+00
1.501681121172114608e+00
1.501702916240595043e+00
1.501727826047311032e+00
1.501749623140473666e+00
1.501762079046436993e+00
1.501752737088051459e+00
1.501737167542994467e+00
1.501690686813822673e+00
1.501690686813825559e+00
1.501696913891624297e+00
1.501712481923472398e+00
1.501737391776778452e+00
1.501768530828053505e+00
1.501793443456608701e+00
1.501815243018212565e+00
1.501837043523891246e+00
1.501858844973544604e+00
1.501880647367074273e+00
1.501905565543890875e+00
1.501911795280687079e+00
1.501902450704387215e+00
1.501893106301416481e+00
1.501880647367089816e+00
1.501920918879096511e+00
1.501933379024689819e+00
1.501948954640084821e+00
1.501970761310595925e+00
1.501995684375291518e+00
1.502023724296209561e+00
1.502023724296212448e+00
1.502005030842304523e+00
1.502008146369821606e+00
1.502036186983916721e+00
1.502086040814997192e+00
1.502163947290422019e+00
1.502232514936626462e+00
1.502328927802484282e+00
1.502369457865138758e+00
1.502397519042966145e+00
1.502409991177449333e+00
1.502400637047754284e+00
1.502397519042975471e+00
1.502416227360048762e+00
1.502434936369197560e+00
1.502456764421161495e+00
1.502469238016571618e+00
1.502463001180430968e+00
1.502472356463478986e+00
1.502516016737968307e+00
1.502569037848637601e+00
1.502684234280485143e+00
1.502715433406294210e+00
1.502649917460401330e+00
1.502593767677665948e+00
1.502578171620553515e+00
1.502612483580282543e+00
1.502727913594333220e+00
1.502880595808735231e+00
1.502911807569027536e+00
1.502914928850616727e+00
1.502899322634607016e+00
1.502877474738282260e+00
1.502858748718586046e+00
1.502849385967884643e+00
1.502864990648376198e+00
1.502942790539452567e+00
1.502998980972850340e+00
1.503045811083560279e+00
1.503011468580243593e+00
1.502945912067066070e+00
1.502905333705548019e+00
1.502886606325283703e+00
1.502955276765048032e+00
1.503058299842184198e+00
1.503117625636989807e+00
1.503148852520540313e+00
1.503161343810897055e+00
1.503111608267281296e+00
1.503120975852439534e+00
1.503136588877794555e+00
1.503155325140825616e+00
1.503183430829206912e+00
1.503224030675264222e+00
1.503274004162011845e+00
1.503289621882419658e+00
1.503277127667786317e+00
1.503252140158054306e+00
1.503171159175274996e+00
1.503196142261196355e+00
1.503277345757297656e+00
1.503349190410342873e+00
1.503408547979337984e+00
1.503408547979340870e+00
1.503311915669624854e+00
1.503280680468523700e+00
1.503271310281465434e+00
1.503283803902502269e+00
1.503321286603207518e+00
1.503324613956971145e+00
1.503390214552547288e+00
1.503449574740115535e+00
1.503468515807283135e+00
1.503506010714856789e+00
1.503518509628850808e+00
1.503471827722678844e+00
1.503456205840770998e+00
1.503431211823220703e+00
1.503343925318429308e+00
1.503322060692801276e+00
1.503297250649102468e+00
1.503334730932709640e+00
1.503397204184934610e+00
1.503412991758596773e+00
1.503462976487847991e+00
1.503460012701143933e+00
1.503494379205320808e+00
1.503516250000610510e+00
1.503466414449813326e+00
1.503463290355067095e+00
1.503450941088501303e+00
1.503504051031036237e+00
1.503600912752816710e+00
1.503647924399157620e+00
1.503679176305624976e+00
1.503682301600977489e+00
1.503616804628119530e+00
1.503598055884483475e+00
1.503638679028468150e+00
1.503701182453753393e+00
1.503723181882270721e+00
1.503776317059644096e+00
1.503785694426081232e+00
1.503779442829449087e+00
1.503785694426086783e+00
1.503754551206679224e+00
1.503795185213450569e+00
1.503845200707581764e+00
1.503876462861390539e+00
1.503898347499344812e+00
1.503904600423998872e+00
1.503864062885569064e+00
1.503914084133589624e+00
1.504001633011955885e+00
1.504101707090411022e+00
1.504211185352271940e+00
1.504273754785862893e+00
1.504295655878534532e+00
1.504308171205495093e+00
1.504317557899658153e+00
1.504333202768839195e+00
1.504317647607460673e+00
1.504342679149803352e+00
1.504370841083559673e+00
1.504392745870105186e+00
1.504370922893706330e+00
1.504399085823611593e+00
1.504386643398374801e+00
1.504427324129335997e+00
1.504474267406182175e+00
1.504480592757220236e+00
1.504533799899231417e+00
1.504546377777964627e+00
1.504605851331514588e+00
1.504668462436098642e+00
1.504687295356589738e+00
1.504706121309582922e+00
1.504768742048587793e+00
1.504784430795198524e+00
1.504840796497034283e+00
1.504847083955611620e+00
1.504850232772330321e+00
1.504850243072936911e+00
1.504894085473858834e+00
1.504887824666262253e+00
1.504878425719723412e+00
1.504856494946655410e+00
1.504809510624947277e+00
1.504765656100753413e+00
1.504734321508371497e+00
1.504718634074273309e+00
1.504731112315358610e+00
1.504756104615327494e+00
1.504743462356507466e+00
1.504784083971102859e+00
1.504843483468632170e+00
1.504896618554936838e+00
1.504883898752330751e+00
1.504893181915495592e+00
1.504824076082962536e+00
1.504789518205453147e+00
1.504726651171211183e+00
1.504720245225152686e+00
1.504679252786976118e+00
1.504694729574389545e+00
1.504669343484732469e+00
1.504697312903237938e+00
1.504681271429692435e+00
1.504677716880425731e+00
1.504730676668252443e+00
1.504752105837266374e+00
1.504833207378612370e+00
1.504876496205719949e+00
1.504907239818906728e+00
1.504972670320707140e+00
1.504987723541239664e+00
1.504996488788701514e+00
1.505039978630555719e+00
