1.300524329089727989e-02 8.149712899816718981e-01
1.298079887150523255e-02 8.149400525784168403e-01
1.295113600824176169e-02 8.149029950705993786e-01
1.291721188258473235e-02 8.148600171485141930e-01
1.288401621898935777e-02 8.148177213531900831e-01
1.285484436903388053e-02 8.147804379063907643e-01
1.283299185946729960e-02 8.147524839312283440e-01
1.281607551280375748e-02 8.147310188949202781e-01
1.280250711115284677e-02 8.147136821755531777e-01
1.274026703817518133e-02 8.147233560107738359e-01
1.266300496252476676e-02 8.147452329657889347e-01
1.256898824523403242e-02 8.147810459019135809e-01
1.245745552765742566e-02 8.148304848023061320e-01
1.232743784162822036e-02 8.148935013951942308e-01
1.217943954415982334e-02 8.149684564836947587e-01
1.201431307127629432e-02 8.150540589669812430e-01
1.183512636818875863e-02 8.151476971079028022e-01
1.164570623174747931e-02 8.152466942614816636e-01
1.144275036353428233e-02 8.153498373145693368e-01
1.122760639605143232e-02 8.154558631828713322e-01
1.100129471905802667e-02 8.155625263259278501e-01
1.076560848930496403e-02 8.156682848518912454e-01
1.052184276117029173e-02 8.157712991316096174e-01
1.027177707808687654e-02 8.158706751379894984e-01
1.001723302731685229e-02 8.159644103799666981e-01
9.759424933730245083e-03 8.160524538836453345e-01
9.500602931045449423e-03 8.161338063288542388e-01
9.241840852384190438e-03 8.162079777618921339e-01
8.984984992424237954e-03 8.162755551981164537e-01
8.730336397558815728e-03 8.163357517362327398e-01
8.478927012155232368e-03 8.163894469767294382e-01
8.231835209304299433e-03 8.164368168662254899e-01
7.989042876924971892e-03 8.164779993949097259e-01
7.750733751576916256e-03 8.165135513998758032e-01
7.517565439331989549e-03 8.165445036477533280e-01
7.288475933704200750e-03 8.165701033573699030e-01
7.063989899540736722e-03 8.165921403329841066e-01
6.843682905836510205e-03 8.166105906598193354e-01
6.627470805386464006e-03 8.166252082094886955e-01
6.414804678349770098e-03 8.166365920063176631e-01
6.205716491945855590e-03 8.166455029822525802e-01
5.999510762803074611e-03 8.166515044733277939e-01
5.796759668281006340e-03 8.166551874523222398e-01
5.596823866541471293e-03 8.166574012077599809e-01
5.399849369126431646e-03 8.166573917275907757e-01
5.206102344136055368e-03 8.166559857976124492e-01
5.015139875877121754e-03 8.166525118617369294e-01
4.827186871617549641e-03 8.166476499362363972e-01
4.643027253759286245e-03 8.166420752163033869e-01
4.461928703222550925e-03 8.166351855168125784e-01
4.284233518387528354e-03 8.166270661000828435e-01
4.110557802925763130e-03 8.166176378744555153e-01
3.940766790444151166e-03 8.166076613056526545e-01
3.775045160192176674e-03 8.165965352312128944e-01
3.613610262642978285e-03 8.165837565383574637e-01
3.456721566967523983e-03 8.165705007144211658e-01
3.303859775615931426e-03 8.165556837426267700e-01
3.155761108356590176e-03 8.165399647453056575e-01
3.012343143622727652e-03 8.165228385384726284e-01
2.873424728580287538e-03 8.165049753866886473e-01
2.738926181878509683e-03 8.164858778545271978e-01
2.609233519515133902e-03 8.164661256103286080e-01
2.484280437726259054e-03 8.164452105080264310e-01
2.363543886489350744e-03 8.164238875671545603e-01
2.247403581475044144e-03 8.164027481911450002e-01
2.135695034085723348e-03 8.163806983440984322e-01
2.028194308255432555e-03 8.163584887590487060e-01
1.924649330154257296e-03 8.163366234544993105e-01
1.825644581952516089e-03 8.163152704694488504e-01
1.730205648511774297e-03 8.162939295225963843e-01
1.638975180694389553e-03 8.162730992360771598e-01
1.551376244497853314e-03 8.162536209454628322e-01
1.467293650339968883e-03 8.162341484609316744e-01
1.386757482971717271e-03 8.162155259301556720e-01
1.309750238393934518e-03 8.161975836722907829e-01
1.235653145163673151e-03 8.161804897191952124e-01
1.165009933096185441e-03 8.161636518443106114e-01
1.097545480207864910e-03 8.161477463138587796e-01
1.032913776374576494e-03 8.161321014555822373e-01
9.707993538935434305e-04 8.161168007828313309e-01
9.118280696457715159e-04 8.161024297827169649e-01
8.553226151626422283e-04 8.160878968574183379e-01
8.016104727449310016e-04 8.160737068348814516e-01
7.503835697950135553e-04 8.160599447128632500e-01
7.016067704659062617e-04 8.160460187007554378e-01
6.550010227524296052e-04 8.160325212688527285e-01
6.111575864010760023e-04 8.160195321921390743e-01
5.691714328158119880e-04 8.160069752177520064e-01
5.296121157102979485e-04 8.159943367470147146e-01
4.921987425677313774e-04 8.159821248543751571e-01
4.569212855607000302e-04 8.159705083275438087e-01
4.234778532442975475e-04 8.159594066335805751e-01
3.921455606064912897e-04 8.159482235145348872e-01
3.626358860623812765e-04 8.159375523704673894e-01
3.352284334071941089e-04 8.159268806828314791e-01
3.093403951380925099e-04 8.159167243731114683e-01
2.849560034330470329e-04 8.159064918973906178e-01
2.623687124357030622e-04 8.158962594400289703e-01
2.412893860853657720e-04 8.158866224344835105e-01
2.217051452879084054e-04 8.158769038090160075e-01
2.033197992686123503e-04 8.158671944362273498e-01
1.861316575738212651e-04 8.158574929555264532e-01
1.704326676737215242e-04 8.158477025665556992e-01
1.556328539830959933e-04 8.158379258749285379e-01
1.420295412277637289e-04 8.158287419665002371e-01
1.293212629164067218e-04 8.158195691985850040e-01
1.178043129965319170e-04 8.158108978271243483e-01
1.068890672956027376e-04 8.158029242411578563e-01
9.686324378218952801e-05 8.157948711509247497e-01
8.772946863596563184e-05 8.157874952969402793e-01
7.919461867582549620e-05 8.157812364493858270e-01
7.154510243830251718e-05 8.157750547634577964e-01
6.419786443138881030e-05 8.157700117932431549e-01
5.773771261451024050e-05 8.157662209525096131e-01
5.186599454449297654e-05 8.157624350618120079e-01
4.629271661188510370e-05 8.157598705602954192e-01
4.130950783573879352e-05 8.157584891833151719e-01
3.691273610184941841e-05 8.157570971821721528e-01
3.281162780865693704e-05 8.157569193770398686e-01
2.929637556259988447e-05 8.157567116452765221e-01
2.578278709804081203e-05 8.157577749650420929e-01
2.285467285289501154e-05 8.157587913548089986e-01
2.021915408417199024e-05 8.157598176201459328e-01
1.787687733781029729e-05 8.157614371473197457e-01
1.582721582002934467e-05 8.157631304415705609e-01
1.407021828848052670e-05 8.157647958191696080e-01
1.231320225130077031e-05 8.157669790596896453e-01
1.084819299931151444e-05 8.157680189119418390e-01
9.676493652995986941e-06 8.157696559300384731e-01
8.504253580743793823e-06 8.157707061240518920e-01
7.331823047721562068e-06 8.157717041644556577e-01
6.452282075931910228e-06 8.157720647993671470e-01
5.572483669714886869e-06 8.157718635866935131e-01
4.692666709823415365e-06 8.157714790686608763e-01
4.105851246619597305e-06 8.157700931685856194e-01
3.519099132109167016e-06 8.157685797841759401e-01
2.932311511650095887e-06 8.157663946847766301e-01
2.638753036955293435e-06 8.157638117051133619e-01
2.052040758257195460e-06 8.157601937865196495e-01
1.758555340423751501e-06 8.157563049163211177e-01
1.465129084735964909e-06 8.157516602813150719e-01
1.171841594312840662e-06 8.157469314355643153e-01
8.786221044388323888e-07 8.157406627436175617e-01
8.783663733182075358e-07 8.157354573896123950e-01
5.853664649439842766e-07 8.157276437327712904e-01
5.851548724472972545e-07 8.157211628210350174e-01
2.924713716508668612e-07 8.157122120387763076e-01
2.923464614788921202e-07 8.157046205279642193e-01
2.922212941321155812e-07 8.156969433418588267e-01
2.920971150004034973e-07 8.156892649441965792e-01
2.919625591456472030e-07 8.156809933340423147e-01
2.918185059260535030e-07 8.156721283182580828e-01
2.916745652980353782e-07 8.156632618520901490e-01
2.915198826171987110e-07 8.156537171413549281e-01
1.892624410122248010e-02 6.389528855677948371e-01
2.039019890258220516e-02 6.370132908554480000e-01
2.194247843552266791e-02 6.350672556853782513e-01
2.354147265216119736e-02 6.331150480783437340e-01
2.512497684747785204e-02 6.311550076721369473e-01
2.661688294715094244e-02 6.291880913291829636e-01
2.794629477387472125e-02 6.272140773981175199e-01
2.903863586368219535e-02 6.252348461764110077e-01
2.977978735234077662e-02 6.232458512815596263e-01
3.005483468335709910e-02 6.212492380325553842e-01
2.970671639351432983e-02 6.192405846969442074e-01
2.868063658924667123e-02 6.172216530883700703e-01
2.714701252276749063e-02 6.151921986974200340e-01
2.560043636287579957e-02 6.131592111070501838e-01
2.468024550736068121e-02 6.111226091326259491e-01
2.481462738702836304e-02 6.090867120616966224e-01
2.595104505421619648e-02 6.070491282394776533e-01
2.769566063449088733e-02 6.050064386693946306e-01
2.955872119997937295e-02 6.029584663207055995e-01
3.139697210897051532e-02 6.008962508161946880e-01
3.344708193545552211e-02 5.988202431373079726e-01
3.594535960920763884e-02 5.967485059687340776e-01
3.878462332520532518e-02 5.946759363472684523e-01
4.192614902369668634e-02 5.925988253650078530e-01
4.514858900350992438e-02 5.905074135706480654e-01
4.804911978204835787e-02 5.884129886085063266e-01
5.066250358827908973e-02 5.863302914081162109e-01
5.299125313752373057e-02 5.842376955680156358e-01
5.589595903522313891e-02 5.821518510349514841e-01
5.856328536588805561e-02 5.800632673569339204e-01
6.110723026294083426e-02 5.779804648014221780e-01
6.351879687560184340e-02 5.758928284376177986e-01
6.574612524333657559e-02 5.737890160678990048e-01
6.783387861301290456e-02 5.716768062005352924e-01
6.981657753157782809e-02 5.695556453619068371e-01
7.171234138486072551e-02 5.674309475763180677e-01
7.350657484412609355e-02 5.652970179272379658e-01
7.523355959201491472e-02 5.631609814815298209e-01
7.686221747578139696e-02 5.610195500733592411e-01
7.845414720377205664e-02 5.588745693334210562e-01
7.999014576085741735e-02 5.567243297021792214e-01
8.150303881640785786e-02 5.545714418553230329e-01
8.299934429115334023e-02 5.524149646322813467e-01
8.446804434284387042e-02 5.502552932498548932e-01
8.591829137118665860e-02 5.480925491192176757e-01
8.734852770631061636e-02 5.459261717651482382e-01
8.875237048513527627e-02 5.437572720983662178e-01
9.011265246418670438e-02 5.415836390296419056e-01
9.138455696735706124e-02 5.394075020485934457e-01
9.254093249387572440e-02 5.372297833495744968e-01
9.358698883176889971e-02 5.350447267905380500e-01
9.448941263440195637e-02 5.328568518085058381e-01
9.517925276851876837e-02 5.306645847086378653e-01
9.566733707449361079e-02 5.284670047742073828e-01
9.593342745515413827e-02 5.262666439980209221e-01
9.594235848921743581e-02 5.240592973032699442e-01
9.572796475964467922e-02 5.218500877133570581e-01
9.525618594488975688e-02 5.196357994128231184e-01
9.455328335673729434e-02 5.174180633876416247e-01
9.365272984351712127e-02 5.151960278161971107e-01
9.259177222713053934e-02 5.129706806797144081e-01
9.134396956446867721e-02 5.107428118001267059e-01
8.995945442255176561e-02 5.085122549320950647e-01
8.837296660527477199e-02 5.062791717023952254e-01
8.661476972219069037e-02 5.040438995041789383e-01
8.463709560523495490e-02 5.018053028432318818e-01
8.247365342702321633e-02 4.995636786424066944e-01
8.026172024292460572e-02 4.973203350190316674e-01
7.814983033283276481e-02 4.950765330860503743e-01
7.648349403117919720e-02 4.928343331232010183e-01
7.598211102912807990e-02 4.905952432181703293e-01
7.853436223476847888e-02 4.883717185095454161e-01
8.766282740071110191e-02 4.861943774871178570e-01
1.091366336716805829e-01 4.841443437575136399e-01
1.520485483777574143e-01 4.824151956276843123e-01
2.052591933993506423e-01 4.809779465396164522e-01
2.606171811732864163e-01 4.797022805979250237e-01
2.967562152763453809e-01 4.781792320450437006e-01
3.127971477929281097e-01 4.763390474123952445e-01
3.206000575085140580e-01 4.743461942851873725e-01
3.266523724310290144e-01 4.722830224689866241e-01
3.320879761868920643e-01 4.701799691901742406e-01
3.363935057773492221e-01 4.680509119303187804e-01
3.398681834277086922e-01 4.659083135233235695e-01
3.435522540128009283e-01 4.637625006358393476e-01
3.468623445048591436e-01 4.616069544056173313e-01
3.500411155724645340e-01 4.594498374967153631e-01
3.530415788295867552e-01 4.572924919019535350e-01
3.561333696149971417e-01 4.551368230005088944e-01
3.591012149081727056e-01 4.529793579681420934e-01
3.620006222081809666e-01 4.508241053345186655e-01
3.648711498279332277e-01 4.486687978652040276e-01
3.677920157178888316e-01 4.465143380554754682e-01
3.705932951091375771e-01 4.443595630325065660e-01
3.733791805481038173e-01 4.422063721454098650e-01
3.762819305337934961e-01 4.400546224399985995e-01
3.791593539587826966e-01 4.379073312142837127e-01
3.820966311987913921e-01 4.357626038978716365e-01
3.851937537845721571e-01 4.336226854934240871e-01
3.883012849573754810e-01 4.314860390980974070e-01
3.914968299193092305e-01 4.293508911706734876e-01
3.946743726153150167e-01 4.272201889017161469e-01
3.978088245092838982e-01 4.250894280530007063e-01
4.008900771416533115e-01 4.229627766284011492e-01
4.039668787717863863e-01 4.208371015354775424e-01
4.070505831972184851e-01 4.187142718893529514e-01
4.102084201628559690e-01 4.165948792142155077e-01
4.133961712834596791e-01 4.144789898469113387e-01
4.166180169458970073e-01 4.123648948369135203e-01
4.197812786615324754e-01 4.102502846362032218e-01
4.228525769262577172e-01 4.081418595157654816e-01
4.258325107948239263e-01 4.060307480859359774e-01
4.286636856525408712e-01 4.039201809895854312e-01
4.313638470522754842e-01 4.018089799800720896e-01
4.339970989766333553e-01 3.996982866668429279e-01
4.365346833380393532e-01 3.975876586489155984e-01
4.389734616966524672e-01 3.954782167647172830e-01
4.413236271934232735e-01 3.933662985708742954e-01
4.436546506556895419e-01 3.912606664815223567e-01
4.459508626159583988e-01 3.891535764917594675e-01
4.481327542823694832e-01 3.870498847855077251e-01
4.503173573309425803e-01 3.849483977491763298e-01
4.524704333591572647e-01 3.828502549814764011e-01
4.545933402767695086e-01 3.807549890236250345e-01
4.567030733758471461e-01 3.786581892248652714e-01
4.588656681262220927e-01 3.765723351322510792e-01
4.610244532547487784e-01 3.744917728465032569e-01
4.633000231136976121e-01 3.724165995421778730e-01
4.657573597806031196e-01 3.703557661804078860e-01
4.684586903537951708e-01 3.683003962903103057e-01
4.713795526483672838e-01 3.662542239780615105e-01
4.744403238951628854e-01 3.642200886016420669e-01
4.775464605886957092e-01 3.621933388881620197e-01
4.807098350016179023e-01 3.601708641138066658e-01
4.838150113171758582e-01 3.581506629036763645e-01
4.867005653017865141e-01 3.561331333946466948e-01
4.893558183082489799e-01 3.541145573755707932e-01
4.918958003935866574e-01 3.520992353425133614e-01
4.943302780763400572e-01 3.500785386055584869e-01
4.966737155983656504e-01 3.480620240013787559e-01
4.990045814217442532e-01 3.460570317002802376e-01
5.013606240620528398e-01 3.440555963023744224e-01
5.038788205776307816e-01 3.420628625402689083e-01
5.066548779241843992e-01 3.400751004687957990e-01
5.096216792419040464e-01 3.380983810383398347e-01
5.125679556326806496e-01 3.361272086538291126e-01
5.154864275615377300e-01 3.341707369062432709e-01
5.184123100246897931e-01 3.322149707173658317e-01
5.213254440336865247e-01 3.302672852914846913e-01
5.242385737028234516e-01 3.283234398124191822e-01
5.270640890971867165e-01 3.263858205587025219e-01
5.297840398561872721e-01 3.244498811234386437e-01
5.324436203698789116e-01 3.225144211272882311e-01
5.350142353303981579e-01 3.205845574873460446e-01
5.374855111154794862e-01 3.186623894710391980e-01
5.399449808850765864e-01 3.167403072850865087e-01
5.423458792724132893e-01 3.148205022009605836e-01
5.447216161583652294e-01 3.129023248683799885e-01
5.471003387464051793e-01 3.109904819607582915e-01
5.494271297551365230e-01 3.090850084491113536e-01
5.517932727550610705e-01 3.071808338947776829e-01
5.540744847053481470e-01 3.052889390424013971e-01
5.563993098008003235e-01 3.034035148279271010e-01
5.587175650900005897e-01 3.015283829747491540e-01
5.610231870581664504e-01 2.996545386498814523e-01
5.633417315622805122e-01 2.977863645717469532e-01
5.656269251810015497e-01 2.959317122569870007e-01
5.679289657380443002e-01 2.940782876141009305e-01
5.702184602802716773e-01 2.922251164438788296e-01
5.724879157994128276e-01 2.903790309469815867e-01
5.747033737323082869e-01 2.885425155952923704e-01
5.769773503344978183e-01 2.867099381319809237e-01
5.792440571913005654e-01 2.848768995667951276e-01
5.813738583107251889e-01 2.830539347662081595e-01
5.836049023354444865e-01 2.812433441036086834e-01
5.858656639526498289e-01 2.794440200528504059e-01
5.880018211362182390e-01 2.776459803289214601e-01
5.902963887648062791e-01 2.758594267715675508e-01
5.923955889721906898e-01 2.740832363214102396e-01
5.945953764646845219e-01 2.723136073440851068e-01
5.967462121382465234e-01 2.705395278962972050e-01
5.988679245823829156e-01 2.687776984723860285e-01
6.009374599143956219e-01 2.670185705471394000e-01
6.031868305298342392e-01 2.652620351782786212e-01
6.052423362781746974e-01 2.635178632286794276e-01
6.073862328858822268e-01 2.617912101954943394e-01
6.093732456015417132e-01 2.600686463698687612e-01
6.115920704891854021e-01 2.583423028542279343e-01
6.136490085950006002e-01 2.566336819373977174e-01
6.158491622109227848e-01 2.549338653038488167e-01
6.179252642065522494e-01 2.532447384755716069e-01
6.199296545098028632e-01 2.515583741624622394e-01
6.220629025577644189e-01 2.498837321702576941e-01
6.241107589320717963e-01 2.482177688599875587e-01
6.262046779248588990e-01 2.465594725151314948e-01
6.282353853288568102e-01 2.449074540466431027e-01
6.302923174757096847e-01 2.432577076239074154e-01
6.323148944131957716e-01 2.416181026935513010e-01
6.343451997377825835e-01 2.399842360579176881e-01
6.363823603665739181e-01 2.383579816637509674e-01
6.383456028853963238e-01 2.367402409580657285e-01
6.403956066560413385e-01 2.351207928149295079e-01
6.423276249454195064e-01 2.335215020678765296e-01
6.443487513122073684e-01 2.319206682064621494e-01
6.462980415566325076e-01 2.303323100623514141e-01
6.482600581013164831e-01 2.287489799175317917e-01
6.502054865697055597e-01 2.271708172190998187e-01
6.521369354417062558e-01 2.255998145735636229e-01
6.540174140586584306e-01 2.240393380891481101e-01
6.559656047019311043e-01 2.224872355450305539e-01
6.578324986937149621e-01 2.209406909542739605e-01
6.597463212727452397e-01 2.194122994074351185e-01
6.616557574976797973e-01 2.178886836049817033e-01
6.634964452678627778e-01 2.163698151733410846e-01
6.653475758105481530e-01 2.148640567627506937e-01
6.672877268431047781e-01 2.133588126158816600e-01
6.691353314503759586e-01 2.118611045729940356e-01
6.709809919826213997e-01 2.103739488350951092e-01
6.727770391104618275e-01 2.088950931916286058e-01
6.746574559807835270e-01 2.074148195883739332e-01
6.764864320690677779e-01 2.059521725107795742e-01
6.783164162342903980e-01 2.044951292638829132e-01
6.801323674737563829e-01 2.030468077968956009e-01
6.819148417934239870e-01 2.016018472359037139e-01
6.836988776471012441e-01 2.001705739189045263e-01
6.854766991208440796e-01 1.987487525801952815e-01
6.872308111083519355e-01 1.973334980844235198e-01
6.889543975438773282e-01 1.959378755415275841e-01
6.906475896263566394e-01 1.945425462049873433e-01
6.924196273362577259e-01 1.931440749212225416e-01
6.941552192793801757e-01 1.917635183103103547e-01
6.958537756207199276e-01 1.903830882392663904e-01
6.975780391764938582e-01 1.890199895017810328e-01
6.992775189646870393e-01 1.876542417810477814e-01
7.009949873050711489e-01 1.863075677280729980e-01
7.026444468895619577e-01 1.849695079652881602e-01
7.043611898795001380e-01 1.836399356580663278e-01
7.059324360621652694e-01 1.823208656032535291e-01
7.076090567222700356e-01 1.809979759215613049e-01
7.092482571588709650e-01 1.796837036908931762e-01
7.108317394741716644e-01 1.783812139024567034e-01
7.124607457793917797e-01 1.770839950437682053e-01
7.140265467243747111e-01 1.757961372353523399e-01
7.155858396423192547e-01 1.745168704245599056e-01
7.172303526621978120e-01 1.732538790902264370e-01
7.188090175130810167e-01 1.720003638659453882e-01
7.203227901804180044e-01 1.707443781345008849e-01
7.218859364272022239e-01 1.695083994733889154e-01
7.234480835803022147e-01 1.682707366137830840e-01
7.249717356481754083e-01 1.670497352647259681e-01
7.264924944432027409e-01 1.658303892175940486e-01
7.280537559090093369e-01 1.646172534868862447e-01
7.295433175801266934e-01 1.634135994271414816e-01
7.310539633612814781e-01 1.622184971505311046e-01
7.324946096078598368e-01 1.610330784913711621e-01
7.339601625579632582e-01 1.598531249431965062e-01
7.353729423031212242e-01 1.586851762390174836e-01
7.368762529504917502e-01 1.575223189052415984e-01
7.383067964956429030e-01 1.563781897527354026e-01
7.397779338141922123e-01 1.552316512746789168e-01
7.411869964382579168e-01 1.540966612424827520e-01
7.426149400847253945e-01 1.529692776214108818e-01
7.439708559872586502e-01 1.518495275763410979e-01
7.453499925976613261e-01 1.507377569921011240e-01
7.467435075064466909e-01 1.496344963574508802e-01
7.481204208540085387e-01 1.485401249125881673e-01
7.494716821401200546e-01 1.474448490817343305e-01
7.507997231817769013e-01 1.463686370484037769e-01
7.521505238553366501e-01 1.453085563405815683e-01
7.534639563591051248e-01 1.442459270105948543e-01
7.548161100493997466e-01 1.432005356024552145e-01
7.561090266573361474e-01 1.421662062328304665e-01
7.573719095766594522e-01 1.411329951688428952e-01
7.586344532636772886e-01 1.401033363577477986e-01
7.598918210643341720e-01 1.390961647399216461e-01
7.611083187660124816e-01 1.380840237058968689e-01
7.623240407708729016e-01 1.370844014415303347e-01
7.635056751904510941e-01 1.360801155158573861e-01
7.647056170877246650e-01 1.350935420423423627e-01
7.659431553223912115e-01 1.341061190187434471e-01
7.671011922766450830e-01 1.331270007678726219e-01
7.682015789892951974e-01 1.321504249955645915e-01
7.693595333022857918e-01 1.311838880525343087e-01
7.704444636291635229e-01 1.302237160499531698e-01
7.715126420122286888e-01 1.292687973819110769e-01
7.725347243678148956e-01 1.283306723542377292e-01
7.735349384991155874e-01 1.273943182267201490e-01
7.744751707760263448e-01 1.264659904701225801e-01
7.753050856385429457e-01 1.255376879162023729e-01
7.761344640067148193e-01 1.246268639112785570e-01
7.769349062946782070e-01 1.237076519763678356e-01
7.776204110231662581e-01 1.228043413248284810e-01
7.783631633397659622e-01 1.219078909695378021e-01
7.791681839866768655e-01 1.210306808662028333e-01
7.800002362693837510e-01 1.201601461180680508e-01
7.810317008856769716e-01 1.193100346630382447e-01
7.822348109282569739e-01 1.184742186082232973e-01
7.838420834713568652e-01 1.176479766156667411e-01
7.854685796187262925e-01 1.168476561768352767e-01
7.871078519825175368e-01 1.160630235069223942e-01
7.888745842490907378e-01 1.152779350503981143e-01
7.906680812108771716e-01 1.144999022909483216e-01
7.922518593069812765e-01 1.137322623014326434e-01
7.935769894566147009e-01 1.129775048453665609e-01
7.948689774460467872e-01 1.122009284853843908e-01
7.961576483615354638e-01 1.114443439170187539e-01
7.973213220301663684e-01 1.106865320153568172e-01
7.981528162337302446e-01 1.099439320276641013e-01
7.991321316286954524e-01 1.091967721149120912e-01
8.001408483921554904e-01 1.084538068716823234e-01
8.010583236347126324e-01 1.077222696679430436e-01
8.021813316949091277e-01 1.070023048959896500e-01
8.032190929552236458e-01 1.062913857454653721e-01
8.042903695260654739e-01 1.055877971820903122e-01
8.052842808296964972e-01 1.048940953950313615e-01
8.061636756911758628e-01 1.041976579478871984e-01
8.070904860268605097e-01 1.035193352253867410e-01
8.079890086036859431e-01 1.028391700455330293e-01
8.089181209609195289e-01 1.021635960904972440e-01
8.098248763498300251e-01 1.014990463633206330e-01
8.107506505282602305e-01 1.008407547045804403e-01
8.116655928273567300e-01 1.001766943995075071e-01
8.125884707060058165e-01 9.953065063502979093e-02
8.134626131221004419e-01 9.889619193383128448e-02
8.143272520219593247e-01 9.826350938302901017e-02
8.152085055913353973e-01 9.764933213834456338e-02
8.160340495640486802e-01 9.703626098313737625e-02
8.169276526558171270e-01 9.642538216330787115e-02
8.178127512058285253e-01 9.583365448819092247e-02
8.186162355487792697e-01 9.524117686580255149e-02
8.194311409714679639e-01 9.466415134716904545e-02
8.202484249157104834e-01 9.408246726410872396e-02
8.211043540749054515e-01 9.351816680670388404e-02
8.218787530798290497e-01 9.294331797334642875e-02
8.227070998624814724e-01 9.239413727909472074e-02
8.235465507597850010e-01 9.184090215436314930e-02
8.244272989074552527e-01 9.129298082328839159e-02
8.251689188933654107e-01 9.075720009678833744e-02
8.258352067814733743e-01 9.022607258597316326e-02
8.265561219826983441e-01 8.971074070211944307e-02
8.273616537189054654e-01 8.919157087147276675e-02
8.280932905907503194e-01 8.868159144136314453e-02
8.287911919927052340e-01 8.817671577669146388e-02
8.295082384950984711e-01 8.768007633013076563e-02
8.302549352633560309e-01 8.719024057109739378e-02
8.309578973162135007e-01 8.670476956738638885e-02
8.316281952204346295e-01 8.622626898451225819e-02
8.323074493831572607e-01 8.574618077837897756e-02
8.329804840267228672e-01 8.529165016502446295e-02
8.336443083713664937e-01 8.482436358619709071e-02
8.343235692371866463e-01 8.437272481099367116e-02
8.349727486679728861e-01 8.392804535565312474e-02
8.355930004684538615e-01 8.348869435476996559e-02
8.362210991958369810e-01 8.305691817150838430e-02
8.368412080163394329e-01 8.263110898477843413e-02
8.375092019158072443e-01 8.221128401241474537e-02
8.382464796453079625e-01 8.179614984772974606e-02
8.389199679686494271e-01 8.138820748640930580e-02
8.395098377925980238e-01 8.099021185793583988e-02
8.400972405646470742e-01 8.059462651856613702e-02
8.406977180971169084e-01 8.021450046518081856e-02
8.413083397978939892e-01 7.983181057668364833e-02
8.419195729017383556e-01 7.945593214882613886e-02
8.425314551560988408e-01 7.908683885188109997e-02
8.431687739545128402e-01 7.872218373299681715e-02
8.437668474023938270e-01 7.836552224190751481e-02
8.443002740363428904e-01 7.801158173100594673e-02
8.448128247786798051e-01 7.765808532517159968e-02
8.453673059450683702e-01 7.731655687495321561e-02
8.459130383350816906e-01 7.697397647650447428e-02
8.464442660911329908e-01 7.664627128727895256e-02
8.469984298622971197e-01 7.631353468895242520e-02
8.475904766708615146e-01 7.599629881718782121e-02
8.481736832735617959e-01 7.567649951591857993e-02
8.487171252314534842e-01 7.536949923416075281e-02
8.492145578124191685e-01 7.507171892928950208e-02
8.496730410463556593e-01 7.477904144996808111e-02
8.501313268873726958e-01 7.448963402177510851e-02
8.506486929549537113e-01 7.420850582367524706e-02
8.511685300023951184e-01 7.392110558860025271e-02
8.516371104871874875e-01 7.364079396250990117e-02
8.520992360698349533e-01 7.337537918511338741e-02
8.525597464325995745e-01 7.310692741287186380e-02
8.530190276648281777e-01 7.285364540132788225e-02
8.534429843481597944e-01 7.259359315722238581e-02
8.538536485720650271e-01 7.234999766721614267e-02
8.542853561899170778e-01 7.211171411551013655e-02
8.547304712706255136e-01 7.187816284376725984e-02
8.552065287371383162e-01 7.164940510495843018e-02
8.556741783366312859e-01 7.142720007935839110e-02
8.561100205302940580e-01 7.120968840546140766e-02
8.565197145284059177e-01 7.099839646388264591e-02
8.568971538668367360e-01 7.078288132577983949e-02
8.572482493929439729e-01 7.057242579456288190e-02
8.575597244812591669e-01 7.036601878063789006e-02
8.578628366257532445e-01 7.017348244207673169e-02
8.583106766830557177e-01 6.998739253796512627e-02
8.588255340438084584e-01 6.980641376009011356e-02
8.592077977754257745e-01 6.962913378248171414e-02
8.595063301998128180e-01 6.945782592935105526e-02
8.598615944088912055e-01 6.929957704373862493e-02
8.602334814192734713e-01 6.913820163595475743e-02
8.605554804223716214e-01 6.897993532679200235e-02
8.608222633394648771e-01 6.882942610381796722e-02
8.612195875118070498e-01 6.868029639887447690e-02
8.617077272401659771e-01 6.853897671545099157e-02
8.620354618664388680e-01 6.839981104770283260e-02
8.622173919806561670e-01 6.826785271158258839e-02
8.624799050392211175e-01 6.813780447143187591e-02
8.628031274076297663e-01 6.802154191432951968e-02
8.631180329453641553e-01 6.790368234115652657e-02
8.634314689888330507e-01 6.779636437896786882e-02
8.637177896648678965e-01 6.769487633956250416e-02
8.640102842211294654e-01 6.758727700210717670e-02
8.642897150081223501e-01 6.749449708855052854e-02
8.645703585272259684e-01 6.740614433232031133e-02
8.648565327121345847e-01 6.731307897364127713e-02
8.651657121083446977e-01 6.723413923221513433e-02
8.654701008908248783e-01 6.714965607475346931e-02
8.657701243900477461e-01 6.707774767380716985e-02
8.660449682634758783e-01 6.701067968793388008e-02
8.662987121828031878e-01 6.694817330040822578e-02
8.665184830167845798e-01 6.688793468905654405e-02
8.666799324845474439e-01 6.683352588944971306e-02
8.668811983545808841e-01 6.678252726049474508e-02
8.671247547822074075e-01 6.673539195995906170e-02
8.674064999740820348e-01 6.668554371428878080e-02
8.677609172247170433e-01 6.663984386426233253e-02
8.680337333030857527e-01 6.660611642502671514e-02
8.681195670462610314e-01 6.656664536361836526e-02
8.682150446321293957e-01 6.653023884239019081e-02
8.684226383195632337e-01 6.649858851643541957e-02
8.686474885200120566e-01 6.647283012526920831e-02
8.688817650245392876e-01 6.645898908728788135e-02
8.690995341683692699e-01 6.643916163675474273e-02
8.692827148013932970e-01 6.641718653448294707e-02
8.694695499953885021e-01 6.641231975274752841e-02
8.696440979823529815e-01 6.639795016519506321e-02
8.698248651830654543e-01 6.639363521800792367e-02
8.700113357013792292e-01 6.639380459189779538e-02
8.702046022442151418e-01 6.639841103249428944e-02
8.703793283615244292e-01 6.639849958972761368e-02
8.705321590501291507e-01 6.640274021056116749e-02
8.706664407024974350e-01 6.641668658999745622e-02
8.708049538369030396e-01 6.643481101329269667e-02
8.709819244739657185e-01 6.644900188771439564e-02
8.711666908480011351e-01 6.647464836606678529e-02
8.713182876489763418e-01 6.649649690958234216e-02
8.714635901924568939e-01 6.652184513759075435e-02
8.716061589412421595e-01 6.655065048142683182e-02
8.717340919821701117e-01 6.658400803604345997e-02
8.718228272670796031e-01 6.661788070493462888e-02
8.719065413395061803e-01 6.665691219243687071e-02
8.720419550874918269e-01 6.670020329367831735e-02
8.721927864101182148e-01 6.674659564341198226e-02
8.723163254414766365e-01 6.678767580859705510e-02
8.724120454039306916e-01 6.684053948574235349e-02
8.724937686691219829e-01 6.689612220852914071e-02
8.725654161155592670e-01 6.695403696280870232e-02
8.726253916044640624e-01 6.701013169350805709e-02
8.726791223260049746e-01 6.707356874711022099e-02
8.727556244878283964e-01 6.714237055771379858e-02
8.728484026865674927e-01 6.721445636469411400e-02
8.729464717318698996e-01 6.728847277846858321e-02
8.730477138516192781e-01 6.736785818368354328e-02
8.730766323565715137e-01 6.745447520988684387e-02
8.730507467397338184e-01 6.753526882197542769e-02
8.730976617651069471e-01 6.762183993154882722e-02
8.732133501223601213e-01 6.771250072457329905e-02
8.733017315554666427e-01 6.781317989761008469e-02
8.733470268936655012e-01 6.790749335733038683e-02
8.733826362173958691e-01 6.801203007499161124e-02
8.734005411614040870e-01 6.811413774293829937e-02
8.734294009968968098e-01 6.822426629794946240e-02
8.734772760326491303e-01 6.834277970336473385e-02
8.735165770886590408e-01 6.845809307787373288e-02
8.735813197010112718e-01 6.857787003401828729e-02
8.735843274251896551e-01 6.870346063389509705e-02
8.735040775509651523e-01 6.882477682781189265e-02
8.734938800143366988e-01 6.895082515926714839e-02
8.735795139464419545e-01 6.907491406525623212e-02
8.736366131967248094e-01 6.919621837560721578e-02
8.736749348165250284e-01 6.931930556037865787e-02
8.736368730988651743e-01 6.943160461162264929e-02
8.735558237935634462e-01 6.953960137178671896e-02
8.732924967885203893e-01 6.964634640379854802e-02
8.727475402600294307e-01 6.974236857597913841e-02
8.723169976524103308e-01 6.984391996259337043e-02
8.721623945326297811e-01 6.995470247364872496e-02
8.721370488832144163e-01 7.007982757630237813e-02
8.722522258023186481e-01 7.021616552242111731e-02
8.723526126531796487e-01 7.035504660058942983e-02
8.723579185470072828e-01 7.050560874507304232e-02
8.723612545205527979e-01 7.065697478887204841e-02
8.724486834599620710e-01 7.082003416062775114e-02
8.725104734683193364e-01 7.098829414221941025e-02
8.724681603526981410e-01 7.115676277226046231e-02
8.724345680204700360e-01 7.133361805765783825e-02
8.724608472714804330e-01 7.150804670637822547e-02
8.725170300579433436e-01 7.169116970390601584e-02
8.726108274163066891e-01 7.187274976001484239e-02
8.726447093366631602e-01 7.205519986539424271e-02
8.724942575575809212e-01 7.223269970355258862e-02
8.723060555836064101e-01 7.241136194045194596e-02
8.721856891517264510e-01 7.259412279086388531e-02
8.721313135162955810e-01 7.278093212143554869e-02
8.721979061960178914e-01 7.297590229112120574e-02
8.722967376648900206e-01 7.316809662797488234e-02
8.723350008868829830e-01 7.336384013358940304e-02
8.723211022124055525e-01 7.356218251438842448e-02
8.722624184487525190e-01 7.375819550452597517e-02
8.721709690079242350e-01 7.395702319256274027e-02
8.720842333084486420e-01 7.415154710025533003e-02
8.719960057355982119e-01 7.435437718265161533e-02
8.719004633706674001e-01 7.455777741080081567e-02
8.717947166430961570e-01 7.475985716637177647e-02
8.717567836284215721e-01 7.496901660620242103e-02
8.717539546832752118e-01 7.518229499075461397e-02
8.716844609089658968e-01 7.539371977909878342e-02
8.715750051610505755e-01 7.560567913983280708e-02
8.715382577240893269e-01 7.582346786689908580e-02
8.715432385440083918e-01 7.604329463310902093e-02
8.714111309758084678e-01 7.625874031602962455e-02
8.711846008737246239e-01 7.647407674401185407e-02
8.710104038888605293e-01 7.669211903334667568e-02
8.708729034534004043e-01 7.691161264539725373e-02
8.708586878746390481e-01 7.713966003197893218e-02
8.709533257287249697e-01 7.737077447322675272e-02
8.709003385609083159e-01 7.760082952853078475e-02
8.706968119398462713e-01 7.782603983677624515e-02
8.705136586433807055e-01 7.805219893380106744e-02
8.703183437794111965e-01 7.827620497272504141e-02
8.702648151677760957e-01 7.851280457668921575e-02
8.703479611028036578e-01 7.875459218740320233e-02
8.702823789744569272e-01 7.899162992446955023e-02
8.700603314844351788e-01 7.922326946284108384e-02
8.699116721823256793e-01 7.945994389295775451e-02
8.698488824339266623e-01 7.970026282497498504e-02
8.697066754201260297e-01 7.993852938101941863e-02
8.694587732003250524e-01 8.017502510012651518e-02
8.692568369965365527e-01 8.041299072536595149e-02
8.691186275751634494e-01 8.065334341262193896e-02
8.689775742074150600e-01 8.089649684275485031e-02
8.688317039091884020e-01 8.114448250862071887e-02
8.686769424414110263e-01 8.138892463752642192e-02
8.685226836848031207e-01 8.163556734718710461e-02
8.683380066508658013e-01 8.188070670688230024e-02
8.681053266343330410e-01 8.212716085626700635e-02
8.678988738817448034e-01 8.237624620174859025e-02
8.677350937634978889e-01 8.262819882189779974e-02
8.675782922493230354e-01 8.288338963707320151e-02
8.674038136628242635e-01 8.313644111871983100e-02
8.672442565178942742e-01 8.339317161694073666e-02
8.671472531780601845e-01 8.365434306316800461e-02
8.670129014546280599e-01 8.391352454774193836e-02
8.668117166828003262e-01 8.417138591776902878e-02
8.665820892593288916e-01 8.442963364276151461e-02
8.663318158583628303e-01 8.468889195360040922e-02
8.661046683957234205e-01 8.494622884403023322e-02
8.659877863374925155e-01 8.521341111075803054e-02
8.658445943692246738e-01 8.547878870329284062e-02
8.656110497336123588e-01 8.573844508951124210e-02
8.653732818948602912e-01 8.600228961322395338e-02
8.652269857232163242e-01 8.626848313029424065e-02
8.650874105028124594e-01 8.653617115025265261e-02
8.648398610724006286e-01 8.680010784917822908e-02
8.645964396603272872e-01 8.706825153446154375e-02
8.645157849191557053e-01 8.734269731737051567e-02
8.644601640546155652e-01 8.761985060858480667e-02
8.642626568612679083e-01 8.789092076726039149e-02
8.639964893328109241e-01 8.815989846963380450e-02
8.637124288907555014e-01 8.842714661067456461e-02
8.634125838527929586e-01 8.869242038726628252e-02
8.630904249288442465e-01 8.896050118412052177e-02
8.627611878955618874e-01 8.922723043545054133e-02
8.625882421546694490e-01 8.950468273836409416e-02
8.624887349129954917e-01 8.978556039251452126e-02
8.622255526024668049e-01 9.006017837949731319e-02
8.618720078375629035e-01 9.032771285038981857e-02
8.616614702166643935e-01 9.060424818828907711e-02
8.615041768844272640e-01 9.088582985309691387e-02
8.612354171284611892e-01 9.116196456726420594e-02
8.608904187515594719e-01 9.143270141151721431e-02
8.605695613949431166e-01 9.170429640018488981e-02
8.602717456159169052e-01 9.198057826030855977e-02
8.600919264281945420e-01 9.226281734717113603e-02
8.599995672638582889e-01 9.255187006378086390e-02
8.597711003811613351e-01 9.283257690672221119e-02
8.594716914368264460e-01 9.311191775854599229e-02
8.592221902198045047e-01 9.339306550112475014e-02
8.590288475781922006e-01 9.367897433682811914e-02
8.587625081936622884e-01 9.395915618638089883e-02
8.584305367693152444e-01 9.423932657900289944e-02
8.581512373689087481e-01 9.452125721033723116e-02
8.579190414365830408e-01 9.480493064486525401e-02
8.576476887814736827e-01 9.508985852391108051e-02
8.573243252089417510e-01 9.537036311516751408e-02
8.570415278547720561e-01 9.565456472670486043e-02
8.568068998740702158e-01 9.593946715968876271e-02
8.565519132623155008e-01 9.622519179742902717e-02
8.562670568641376212e-01 9.651027822841536097e-02
8.560355286963318155e-01 9.680004280505791203e-02
8.558587183051317160e-01 9.709207092225612123e-02
8.556707412393934620e-01 9.738410652274206991e-02
8.554189820248854215e-01 9.767347530739936556e-02
8.552195256428476444e-01 9.796477329553157642e-02
8.551183066517774600e-01 9.826634936385900132e-02
8.549001664667174039e-01 9.855582364359220804e-02
8.544615939842166163e-01 9.883458291957131214e-02
8.541118960676316041e-01 9.911744312694953374e-02
8.539962556321455400e-01 9.941728216805129081e-02
8.538460654653713400e-01 9.971563456575072149e-02
8.535112016499780685e-01 1.000027313344501595e-01
8.532280825362926757e-01 1.002920716533740181e-01
8.530943551721595908e-01 1.005919894934102082e-01
8.529249651965915557e-01 1.008878738040792505e-01
8.525771354763408416e-01 1.011755284232545432e-01
8.522560325503897305e-01 1.014630146469884531e-01
8.521194669730689508e-01 1.017642989427721550e-01
8.519939718705973331e-01 1.020643035866735243e-01
8.517315503391075238e-01 1.023588834404098175e-01
8.514599070006673154e-01 1.026506297666139600e-01
8.512894529667945909e-01 1.029474705483161417e-01
8.511058771614588014e-01 1.032472353452414393e-01
8.507640984025833797e-01 1.035336421181125982e-01
8.504318039358519377e-01 1.038214837397827411e-01
8.502473917199472320e-01 1.041208277588006603e-01
8.501152109035824411e-01 1.044218194941061023e-01
8.499052222577190285e-01 1.047180667481739519e-01
8.496840329654925528e-01 1.050145752670803012e-01
8.495850095999070151e-01 1.053204022609838947e-01
8.494943562495135270e-01 1.056252774471564820e-01
8.492469124422484805e-01 1.059190652496691254e-01
8.489294751807215933e-01 1.062088252858294640e-01
8.486188925312458942e-01 1.064999378474142666e-01
8.483353594737692571e-01 1.067902476781690396e-01
8.481299712058837370e-01 1.070875478111044110e-01
8.479669818487303168e-01 1.073889395629208099e-01
8.477168365362683922e-01 1.076839028519911423e-01
8.474242221516410378e-01 1.079739755601187845e-01
8.471669751808740267e-01 1.082667420978551814e-01
8.469419984671018309e-01 1.085627854273202852e-01
8.467845092480341673e-01 1.088653240266823224e-01
8.466823402912625474e-01 1.091687941972200315e-01
8.464318126434847711e-01 1.094616650148362985e-01
8.460939610435866953e-01 1.097487903075311105e-01
8.458874274579266661e-01 1.100431117052468183e-01
8.457822734653438479e-01 1.103489278485484670e-01
8.456166644359766060e-01 1.106487931644251355e-01
8.454255662391728654e-01 1.109464349178189146e-01
8.452005582989431387e-01 1.112386543366695318e-01
8.449365108189090812e-01 1.115327036085243390e-01
8.447381168807218677e-01 1.118281428486718604e-01
8.445787888758988782e-01 1.121283509177342652e-01
8.443864678540453639e-01 1.124256874226196162e-01
8.441443171254101596e-01 1.127174309681915482e-01
8.439176493712138294e-01 1.130097210279666226e-01
8.437071503782863635e-01 1.133051290971259506e-01
8.434177933694432250e-01 1.135946384206828891e-01
8.430450258489010640e-01 1.138736504341580358e-01
8.427215842062676376e-01 1.141617530845843304e-01
8.424943231700356971e-01 1.144532629873354496e-01
8.422953678238978004e-01 1.147457560902614415e-01
8.421275177897626918e-01 1.150429906920184264e-01
8.419677812069483736e-01 1.153395379326428716e-01
8.418361003303068690e-01 1.156376197817750306e-01
8.416421981861187396e-01 1.159326737027205623e-01
8.413710469648264523e-01 1.162202065933581607e-01
8.411256941972669043e-01 1.165084335613496697e-01
8.409554937420653520e-01 1.168066404805011976e-01
8.408409530572275026e-01 1.171050049205468735e-01
8.407922197216201043e-01 1.174075402911133742e-01
8.406577179386489629e-01 1.177067709477110785e-01
8.403190180419946032e-01 1.179862693108745947e-01
8.399875464272761327e-01 1.182666436090214490e-01
8.397845960168620616e-01 1.185600119582425893e-01
8.395550280899503059e-01 1.188497344703568770e-01
8.391644651056799908e-01 1.191229832030926278e-01
8.388188959751144980e-01 1.194000642460751327e-01
8.386236834681827235e-01 1.196926367568050681e-01
8.384800511012970858e-01 1.199873791255832017e-01
8.383529114933990778e-01 1.202845434262624497e-01
8.381870883099850067e-01 1.205729233025017583e-01
8.378741040184264355e-01 1.208514277915431617e-01
8.375373551276406037e-01 1.211262534911714400e-01
8.372504599965183703e-01 1.214053264035555579e-01
8.370105094972580817e-01 1.216853042332474988e-01
8.368754565246129262e-01 1.219775043095792516e-01
8.367810193537108532e-01 1.222684764268738566e-01
8.366258141600816378e-01 1.225520437783268191e-01
8.364387032528224353e-01 1.228316232444620348e-01
8.362063025463605248e-01 1.231112378478199654e-01
8.359682285447650463e-01 1.233844188402694053e-01
8.357471083077090412e-01 1.236595109824712158e-01
8.355358021248249223e-01 1.239354579823194191e-01
8.353244586984206466e-01 1.242077795111023730e-01
8.351205216675905429e-01 1.244842076748747806e-01
8.349455707048689668e-01 1.247604908115763078e-01
8.347761266432192073e-01 1.250364543497126113e-01
8.345987236575251877e-01 1.253121632236804395e-01
8.343985855530160478e-01 1.255826790586901109e-01
8.341272961407544262e-01 1.258524100611937147e-01
8.338507597206757938e-01 1.261183828428531217e-01
8.336632738851816882e-01 1.263923968271617737e-01
8.335373162618121556e-01 1.266722701722475253e-01
8.333848304462220247e-01 1.269482412366447210e-01
8.332337688404329867e-01 1.272259449794030384e-01
8.330486441748472526e-01 1.274992328176511591e-01
8.328457621303738678e-01 1.277713237780147004e-01
8.326080569431998368e-01 1.280403980921172302e-01
8.323303516990877560e-01 1.283027840236235784e-01
8.320955027178377206e-01 1.285714217168680285e-01
8.318822481943272118e-01 1.288422194522363118e-01
8.316811176504986802e-01 1.291112091914694560e-01
8.314774081995451871e-01 1.293830558371110162e-01
8.313106518613825324e-01 1.296551136286899497e-01
8.311706768574426141e-01 1.299263868093075702e-01
8.308754098427622026e-01 1.301863312092200742e-01
8.304426745167431401e-01 1.304299765781574971e-01
8.301912103090790529e-01 1.306914817847499855e-01
8.301493046229085904e-01 1.309748052571280408e-01
8.300014104154902483e-01 1.312453280408860390e-01
8.296936299842888607e-01 1.314974483424303231e-01
8.293785977188095071e-01 1.317517406630296095e-01
8.290980225437835083e-01 1.320060979478998586e-01
8.289502970257792702e-01 1.322724494669669237e-01
8.290321221601878454e-01 1.325581430937880500e-01
8.289579061233331991e-01 1.328342381620437329e-01
8.286203549964006321e-01 1.330798963523109057e-01
8.283319682330662070e-01 1.333300499112951842e-01
8.281860570334756977e-01 1.335962187931981904e-01
8.280154373747969920e-01 1.338571363887882670e-01
8.277470267328504994e-01 1.341049785850978726e-01
8.274368812574260934e-01 1.343519853186616042e-01
8.270898570786998638e-01 1.345961250242329044e-01
8.268341940063810291e-01 1.348409618450786829e-01
8.267393390127203423e-01 1.351082036153797017e-01
8.266542837796513332e-01 1.353731784946411165e-01
8.264810153860772113e-01 1.356264030996906511e-01
8.262718929912525878e-01 1.358785983585225621e-01
8.260644776314296500e-01 1.361283010942671567e-01
8.258158576773807491e-01 1.363731555848457233e-01
8.255113575217326582e-01 1.366127519529165835e-01
8.252221323489877802e-01 1.368530065297344223e-01
8.250667764945185390e-01 1.371029273685226701e-01
8.249207000433349535e-01 1.373541972163743463e-01
8.246407705314714454e-01 1.375952523409573192e-01
8.243470881667092076e-01 1.378309189777793820e-01
8.240926536985907491e-01 1.380699702326086131e-01
8.238842638450929456e-01 1.383102316650915153e-01
8.237285225018444734e-01 1.385630086415522988e-01
8.236029525827494036e-01 1.388109560528753006e-01
8.233774700265826807e-01 1.390493749023706538e-01
8.231228242729458078e-01 1.392878904956054431e-01
8.229417466930051273e-01 1.395262645201250651e-01
8.227729920853134038e-01 1.397719382854405723e-01
8.225747011745603299e-01 1.400087151226560855e-01
8.223427309111889238e-01 1.402447281502739451e-01
8.221107350082236254e-01 1.404777534780394521e-01
8.218896933331892862e-01 1.407102668364307030e-01
8.217649013617901455e-01 1.409560088251670396e-01
8.216862950807178878e-01 1.411996384591451548e-01
8.214316648972783685e-01 1.414281761818415584e-01
8.210621465755295612e-01 1.416462398563277936e-01
8.208201986294716423e-01 1.418718804358284347e-01
8.206434500655319653e-01 1.421040957631447554e-01
8.204565405251743604e-01 1.423354074952307147e-01
8.202727678755570295e-01 1.425664921340959457e-01
8.200823954373556157e-01 1.427926494411478064e-01
8.198840686850596970e-01 1.430188181006920300e-01
8.196992780334103612e-01 1.432478766484495958e-01
8.195419722358322501e-01 1.434775957610550934e-01
8.193790753458977116e-01 1.437050980024126290e-01
8.191966146408907745e-01 1.439308878244935364e-01
8.189687535832468335e-01 1.441481484858825046e-01
8.186767265662430182e-01 1.443577998390872807e-01
8.184454826147216089e-01 1.445788153272503651e-01
8.182936757711992692e-01 1.448019556008396658e-01
8.181174104234034683e-01 1.450230181103859262e-01
8.179059822620616815e-01 1.452393114947253816e-01
8.177325619470012796e-01 1.454566230255582016e-01
8.175679973834478753e-01 1.456820317571860257e-01
8.174605054062290543e-01 1.459046993491331656e-01
8.174108836645677112e-01 1.461329492326922386e-01
8.172625054428392932e-01 1.463512805607826150e-01
8.169914308588566154e-01 1.465567860620907992e-01
8.167120208929656844e-01 1.467603476325483325e-01
8.164112098662362760e-01 1.469580919668689312e-01
8.161530880874821037e-01 1.471671733674125293e-01
8.160161593974226690e-01 1.473808159035908949e-01
8.158729338146086807e-01 1.475926387302925191e-01
8.156954848199928776e-01 1.478016900282197177e-01
8.155205080410903307e-01 1.480104219857597270e-01
8.153675871603900394e-01 1.482212007982122715e-01
8.152279396822312840e-01 1.484283321798382793e-01
8.150912552131988065e-01 1.486409037487478324e-01
8.149285089630657897e-01 1.488445000569469656e-01
8.146741069575207383e-01 1.490394462953230359e-01
8.144446473388814445e-01 1.492357196931390351e-01
8.142929779620244890e-01 1.494443813387601183e-01
8.141676426737848304e-01 1.496464459229443489e-01
8.140035352092932497e-01 1.498484226432566790e-01
8.138171835345475724e-01 1.500485191489566161e-01
8.135913628556141752e-01 1.502401680118539140e-01
8.133840256879411035e-01 1.504315591534768071e-01
8.132223102606207510e-01 1.506298487174090872e-01
8.130575115091508431e-01 1.508261409764104499e-01
8.127844652169928796e-01 1.510092781118293481e-01
8.125120324538628314e-01 1.511942503325952591e-01
8.123891621349624836e-01 1.513897994012813053e-01
8.122927714095332652e-01 1.515877325291368760e-01
8.120863835437984735e-01 1.517774895976211902e-01
8.118837846034173689e-01 1.519629805274933521e-01
8.117962251766932535e-01 1.521596318449509877e-01
8.117141166055658053e-01 1.523584531440169976e-01
8.115485597458164113e-01 1.525427577410169988e-01
8.113317185603559079e-01 1.527236750561642153e-01
8.111226654025124327e-01 1.529070993178242854e-01
8.109413818111945726e-01 1.530885575111458341e-01
8.107944937236943872e-01 1.532689268896681445e-01
8.106505223660062098e-01 1.534580645302224544e-01
8.104975311144972938e-01 1.536397870517466346e-01
8.103241377812261392e-01 1.538206419214029619e-01
8.101473039410479471e-01 1.539965810544039471e-01
8.099697135834645900e-01 1.541737534793005404e-01
8.099043508839830485e-01 1.543645040048342576e-01
8.099095803567669671e-01 1.545542946077080315e-01
8.096740266460106250e-01 1.547260283643845102e-01
8.093035204714951192e-01 1.548773387593475048e-01
8.091541057177479290e-01 1.550540293760770960e-01
8.091664810618223180e-01 1.552447111375235833e-01
8.090488594359767083e-01 1.554234902202422386e-01
8.088451497119200084e-01 1.555882184028862802e-01
8.086556291514868100e-01 1.557574067647553850e-01
8.085034968848431314e-01 1.559253825889559408e-01
8.083205943938399640e-01 1.560867337903954211e-01
8.080992706441528783e-01 1.562508692094767282e-01
8.079434855327948251e-01 1.564137931980587037e-01
8.078208507340868261e-01 1.565864311387246133e-01
8.076896487364794153e-01 1.567508073649478417e-01
8.075330201512944672e-01 1.569117180571991954e-01
8.073731584127469274e-01 1.570762332268826611e-01
8.072453748100331117e-01 1.572363026734569236e-01
8.071310469583542480e-01 1.573991056290741375e-01
8.070484579367186440e-01 1.575698353038023081e-01
8.069371077454750019e-01 1.577288383959122853e-01
8.067744388612155815e-01 1.578872890646166316e-01
8.065767914274633021e-01 1.580356761615708261e-01
8.063140461442579454e-01 1.581758416726871674e-01
8.061695207029324628e-01 1.583342967384950839e-01
8.062868951469066570e-01 1.585151507887677391e-01
8.062640396369539220e-01 1.586849733971681942e-01
8.059586820017156095e-01 1.588145295762160014e-01
8.056905554059686780e-01 1.589520746582405997e-01
8.055420656691526515e-01 1.591029266860185809e-01
8.054246353932960067e-01 1.592508161414673551e-01
8.052527397876116932e-01 1.593989200698906206e-01
8.051428638347593036e-01 1.595470076556062822e-01
8.051332440084465469e-01 1.597100685510530194e-01
8.051069917507421847e-01 1.598656946782339716e-01
8.049230173864442284e-01 1.600066047628440347e-01
8.047317161456616352e-01 1.601474854289267058e-01
8.046501458806192275e-01 1.602923129128579205e-01
8.045490597753512940e-01 1.604387234691717901e-01
8.043813623300916094e-01 1.605730241532383751e-01
8.042005406432548575e-01 1.607104589597968813e-01
8.041149662336379844e-01 1.608510435279674189e-01
8.040252644355065925e-01 1.609962255775494455e-01
8.039278357938441921e-01 1.611380732486047129e-01
8.038111459297365702e-01 1.612730402621201931e-01
8.036256111454537221e-01 1.613980716720885555e-01
8.034342586527231100e-01 1.615267403440807381e-01
8.034169412895638684e-01 1.616683554430598524e-01
8.034421404836280534e-01 1.618143018593191373e-01
8.033163914394646499e-01 1.619473972929775241e-01
8.031512549060078054e-01 1.620698262511952870e-01
8.029832746558840384e-01 1.621925576818194492e-01
8.028355093702763678e-01 1.623124648417814953e-01
8.027422707177234162e-01 1.624409355141287481e-01
8.026746308881584913e-01 1.625691772894388154e-01
8.025512255292353014e-01 1.626906528592470813e-01
8.024089133846978861e-01 1.628044762612258778e-01
8.022966215801492496e-01 1.629250590630895723e-01
8.022020608539655040e-01 1.630459686680386655e-01
8.021344764183102605e-01 1.631654936311309756e-01
8.020708332283076336e-01 1.632892291293813192e-01
8.019578045184274639e-01 1.633987112262008101e-01
8.018151003428216628e-01 1.635040082313789778e-01
8.017132204228335501e-01 1.636215890774913861e-01
8.016683192849475281e-01 1.637354563235978999e-01
8.015902212923027292e-01 1.638461869400842652e-01
8.014871608283435922e-01 1.639531927331945582e-01
8.013478443789338046e-01 1.640547385296275418e-01
8.011761547425619856e-01 1.641522440961104001e-01
8.010863508722704251e-01 1.642555631958444173e-01
8.010680192355289497e-01 1.643684658734687054e-01
8.010026102838549988e-01 1.644732316292450702e-01
8.008903465939347655e-01 1.645733398168556239e-01
8.008128220437015221e-01 1.646744240162663631e-01
8.007544228516402240e-01 1.647828590118686209e-01
8.007018793399951484e-01 1.648847738312317068e-01
8.006401816410078087e-01 1.649854136598720988e-01
8.005400562629222394e-01 1.650797732469389822e-01
8.004101677499406708e-01 1.651705136046787148e-01
8.003041556224195219e-01 1.652632913746955867e-01
8.002096741393370793e-01 1.653600099971452575e-01
8.001785300990882366e-01 1.654577088200451240e-01
8.001758894440650360e-01 1.655641439020478223e-01
8.001534300761263818e-01 1.656607472022752492e-01
8.000472788595810458e-01 1.657533054615063506e-01
7.999701311514725299e-01 1.658421730227772339e-01
7.999129931162455298e-01 1.659373760564095412e-01
7.998271362092582715e-01 1.660269710771004881e-01
7.996886622627723540e-01 1.661069356505215366e-01
7.995714001549777405e-01 1.661915107829443905e-01
7.995661942326740546e-01 1.662889545735519170e-01
7.995372434526152317e-01 1.663809912312742001e-01
7.994318637264278271e-01 1.664637918929541271e-01
7.993397146038845325e-01 1.665494433660556217e-01
7.992945383982478225e-01 1.666424345872810908e-01
7.992292749292412291e-01 1.667259270528218262e-01
7.990475438755526572e-01 1.667966606760180048e-01
7.988834908734595563e-01 1.668734966825215493e-01
7.988791917988953273e-01 1.669605738729006972e-01
7.988953085063115189e-01 1.670510304120447487e-01
7.988482716108962212e-01 1.671371560546601742e-01
7.987802023692190945e-01 1.672156741515492262e-01
7.986347438201221172e-01 1.672828983100215217e-01
7.984921823205576308e-01 1.673555032669018783e-01
7.984827109167719206e-01 1.674369502963442558e-01
7.985006474612403871e-01 1.675192916965880519e-01
7.984715718463265555e-01 1.676026059389645884e-01
7.984430912966530292e-01 1.676762800063615055e-01
7.983974305749902411e-01 1.677495206154837881e-01
7.983094885155657128e-01 1.678209552258424220e-01
7.981531034503771549e-01 1.678805182869259893e-01
7.979900046479398990e-01 1.679358019925497325e-01
7.979410826861954575e-01 1.680037754437012643e-01
7.979329843956318724e-01 1.680747963138186640e-01
7.978232622752586822e-01 1.681392053048317570e-01
7.977119948927626769e-01 1.681967853761206222e-01
7.977149868015444012e-01 1.682669097876683395e-01
7.977567377113734537e-01 1.683395462162075029e-01
7.977759526563947823e-01 1.684087573904432533e-01
7.977637280871634484e-01 1.684726370085258274e-01
7.976724212134395087e-01 1.685280329245711084e-01
7.975272832972797321e-01 1.685745164460726864e-01
7.974701457077472133e-01 1.686314332986157127e-01
7.974709152263174117e-01 1.686923238687904891e-01
7.974395186782771150e-01 1.687491214950584961e-01
7.973880435217621798e-01 1.688083642011500574e-01
7.973423512570325666e-01 1.688611590126621875e-01
7.972805285954298604e-01 1.689119815437601924e-01
7.972132057108645142e-01 1.689603905959868313e-01
7.971230883891660124e-01 1.690052905415127260e-01
7.970548794858579589e-01 1.690518835795002672e-01
7.969992267028708222e-01 1.690983586996881727e-01
7.969652078459217304e-01 1.691464202680952045e-01
7.969739711771017809e-01 1.691985752220453165e-01
7.969866198493494869e-01 1.692546023129469224e-01
7.970365380128037192e-01 1.693089896680078643e-01
7.970154358228067615e-01 1.693541438660945697e-01
7.969073434406978018e-01 1.693879017241283758e-01
7.967977420403856703e-01 1.694258112067079103e-01
7.967073044968832063e-01 1.694599338832837587e-01
7.966798512506738650e-01 1.695008618815483370e-01
7.967190650330383539e-01 1.695469013219168541e-01
7.967311672935583067e-01 1.695951598002683192e-01
7.967330920548134632e-01 1.696343458926126702e-01
7.966860845689253123e-01 1.696682205623653850e-01
7.965702783318745483e-01 1.696932622028453075e-01
7.964651194053389283e-01 1.697236313040862699e-01
7.964045912905790559e-01 1.697527028332361798e-01
7.963937630902148124e-01 1.697862746230964504e-01
7.964486011599293258e-01 1.698265079837123770e-01
7.964795601344489828e-01 1.698620126144844145e-01
7.964273618221741069e-01 1.698929025318358932e-01
7.963774784596213685e-01 1.699188139881994686e-01
7.963477899222654033e-01 1.699445985377979196e-01
7.962958290161655794e-01 1.699671810905265534e-01
7.961751816618808375e-01 1.699861531194611364e-01
7.960896120306023560e-01 1.700030765625924201e-01
7.961193543497316893e-01 1.700311282592649742e-01
7.961658044684115643e-01 1.700605311085618687e-01
7.962203636691120856e-01 1.700894713366824518e-01
7.962225449908671981e-01 1.701170468428726545e-01
7.961667973915391716e-01 1.701322100627618850e-01
7.960886519607240919e-01 1.701434346721810709e-01
7.959858445338570121e-01 1.701512888681778191e-01
7.958934877245403827e-01 1.701584856853216865e-01
7.957973728437131022e-01 1.701704090749938392e-01
7.957690366894680789e-01 1.701832430375172511e-01
7.959264104409037310e-01 1.702141376248176574e-01
7.961001721863352198e-01 1.702472648526752175e-01
7.960768234232084017e-01 1.702574675370985280e-01
7.959761782242253947e-01 1.702627211601653867e-01
7.959690240870770372e-01 1.702720262310906119e-01
7.959846540607091736e-01 1.702840171613306253e-01
7.960121043063990154e-01 1.702947036897914934e-01
7.960235531262932485e-01 1.703033207501229995e-01
7.959196120665964491e-01 1.703034093195750220e-01
7.957879103927527620e-01 1.702950281917810227e-01
7.957624090050671173e-01 1.702960328101170429e-01
7.958092562887577603e-01 1.703052059018124176e-01
7.958904297641287151e-01 1.703155757910292389e-01
7.959762332654586325e-01 1.703265202922356891e-01
7.959141664996263188e-01 1.703199835359653913e-01
7.957646961980631151e-01 1.703026176795932045e-01
7.957472700791111686e-01 1.703034418776201986e-01
7.958221966460478081e-01 1.703095509684534603e-01
7.958597354786907108e-01 1.703089197865051418e-01
7.958771460629686656e-01 1.703017675582314538e-01
7.958505591900479903e-01 1.702929011416955685e-01
7.957944917316547295e-01 1.702799062907084104e-01
7.957532677137623134e-01 1.702670294893338931e-01
7.957312624947978641e-01 1.702555567649517432e-01
7.957073130359578750e-01 1.702439041836959488e-01
7.957210357738091488e-01 1.702296414636460808e-01
7.957712070539977312e-01 1.702232790718132827e-01
7.958723021908830075e-01 1.702200342182065007e-01
7.959374113574610998e-01 1.702084321263453437e-01
7.959207282306459685e-01 1.701912303886783662e-01
7.959512959247350139e-01 1.701783821479450343e-01
7.960424056691357553e-01 1.701664170953283983e-01
7.960740196430211579e-01 1.701520142563047455e-01
7.960615971595245144e-01 1.701272553740664772e-01
7.960228074156626699e-01 1.701030383000473323e-01
7.959657085486903094e-01 1.700711448622057309e-01
7.959605778558213052e-01 1.700493841359444758e-01
7.960401065650126728e-01 1.700301083513178768e-01
7.960849236241859250e-01 1.700102012969715304e-01
7.960992883717442625e-01 1.699867530356482248e-01
7.960922551130109603e-01 1.699557595815738564e-01
7.960424768552474273e-01 1.699240655563937497e-01
7.960074479304143358e-01 1.698872631537225175e-01
7.959688830183644370e-01 1.698545217091460002e-01
7.960004606480373113e-01 1.698287068262526733e-01
7.962082141956519088e-01 1.698150437115399092e-01
7.963179264441672123e-01 1.697939107940836523e-01
7.961543391928347368e-01 1.697404210430234761e-01
7.960808823897562725e-01 1.696982636504959230e-01
7.963015489725022711e-01 1.696871097534859985e-01
7.965295044131462943e-01 1.696706670625242053e-01
7.965841904305557275e-01 1.696398103188703488e-01
7.966089473331183779e-01 1.696047698919499747e-01
7.966548648423956713e-01 1.695660580549328833e-01
7.966716592768238181e-01 1.695285555415207424e-01
7.966569766732737312e-01 1.694862005619365009e-01
7.966354435493547825e-01 1.694430111090233781e-01
7.965920848164896872e-01 1.693956121883339327e-01
7.965716715137765025e-01 1.693507184708634983e-01
7.965927551820823904e-01 1.693086003504412074e-01
7.966394284315767571e-01 1.692689073702321745e-01
7.966631639290632227e-01 1.692238890347207425e-01
7.967017069250915684e-01 1.691819108903108437e-01
7.968127259165190823e-01 1.691394682538337468e-01
7.969022002790696613e-01 1.691007440450507660e-01
7.968951757181254036e-01 1.690497199558531616e-01
7.968647474530722308e-01 1.689962868747580671e-01
7.969025478349581748e-01 1.689472304946508241e-01
7.969633455035592950e-01 1.689006425650806387e-01
7.970052332217868463e-01 1.688553269164701220e-01
7.970760053742398377e-01 1.688086181762919469e-01
7.971467356319564823e-01 1.687596418341207327e-01
7.972272369224574495e-01 1.687112552243257846e-01
7.972925253353024821e-01 1.686598720551379105e-01
7.973409461429831202e-01 1.686068263455681726e-01
7.973911043480405025e-01 1.685524128880306893e-01
7.974412791239132714e-01 1.684974888195642784e-01
7.975432151474871612e-01 1.684454061757894305e-01
7.976604276978055408e-01 1.683958410084587798e-01
7.976075904462893718e-01 1.683272968956013305e-01
7.974584946844466282e-01 1.682489515032368765e-01
7.975388266762134526e-01 1.681920110862491768e-01
7.977828613557638171e-01 1.681556955998915193e-01
7.978390888256835511e-01 1.680942905252727770e-01
7.977428773161341358e-01 1.680171075585847884e-01
7.977441370276766586e-01 1.679484393682378063e-01
7.978361990515157043e-01 1.678872005902193043e-01
7.979283878333027769e-01 1.678258938558990776e-01
7.980242028275280619e-01 1.677687879694803597e-01
7.980713141622531870e-01 1.677006381848260841e-01
7.980323755201652602e-01 1.676249971893349899e-01
7.980390483308323901e-01 1.675505090045145973e-01
7.981037299317316203e-01 1.674823483303018168e-01
7.981302271489878475e-01 1.674140746071991204e-01
7.981460781538908256e-01 1.673380570841902781e-01
7.981802529795017920e-01 1.672639856999011687e-01
7.982363214477187219e-01 1.671912856792014956e-01
7.983361156264795477e-01 1.671213458166621313e-01
7.985023304319520676e-01 1.670575225713263334e-01
7.986072944132455165e-01 1.669907244896612075e-01
7.986530458636791341e-01 1.669125074820166643e-01
7.986656258794694319e-01 1.668312700976909979e-01
7.986210563846392052e-01 1.667445521340639170e-01
7.986434553370266309e-01 1.666609811113541062e-01
7.988194620492661269e-01 1.665946073651771719e-01
7.989028940121090105e-01 1.665146355320227811e-01
7.987616989965703462e-01 1.664155149065416894e-01
7.987162948977215571e-01 1.663218144068675519e-01
7.989339350627515657e-01 1.662580009104203116e-01
7.991385513823751063e-01 1.661885739673923945e-01
7.991925358334958096e-01 1.661015823940016622e-01
7.992122537908910029e-01 1.660121484606604247e-01
7.991928309358291571e-01 1.659176635815192147e-01
7.992209318342956559e-01 1.658275673854411048e-01
7.993731790652776059e-01 1.657480249227003544e-01
7.995664450977180149e-01 1.656715631419077572e-01
7.997773863656338911e-01 1.655978306658207888e-01
7.999228920817275101e-01 1.655145880798774560e-01
7.998444002545752607e-01 1.654087327884929404e-01
7.997545977684892282e-01 1.653012028702361969e-01
7.998527652435197810e-01 1.652129210684219751e-01
8.000203333377390313e-01 1.651281549732764031e-01
8.001607906986863972e-01 1.650415484662912102e-01
8.002780678876711962e-01 1.649522142099184852e-01
8.002924667511911450e-01 1.648490277411804872e-01
8.003066736686754723e-01 1.647453885944321905e-01
8.004506933561108539e-01 1.646549961162916409e-01
8.006047186920867142e-01 1.645650171012705276e-01
8.005862553208539234e-01 1.644578499845836261e-01
8.005136663122006668e-01 1.643451155678814501e-01
8.005776348108746276e-01 1.642436645582419641e-01
8.007113054397906327e-01 1.641478044759375476e-01
8.008269313201727968e-01 1.640491322562991350e-01
8.009191680466174468e-01 1.639479138314705320e-01
8.009224423195315801e-01 1.638367929142826862e-01
8.008923283834065154e-01 1.637250150196975229e-01
8.009949869195829297e-01 1.636208235903332808e-01
8.011711714804283790e-01 1.635261023877962183e-01
8.012919084083036658e-01 1.634219662491553371e-01
8.013888289468948933e-01 1.633180581868496628e-01
8.015039861518359343e-01 1.632116238377431250e-01
8.016317554526752875e-01 1.631078385278714737e-01
8.017457461690363774e-01 1.630022399908395148e-01
8.018532745966655551e-01 1.628952775788543306e-01
8.018877663655263888e-01 1.627806375077193446e-01
8.018634790172831650e-01 1.626597013566483674e-01
8.019142027084429358e-01 1.625442334795533239e-01
8.020152994899509835e-01 1.624330764423330964e-01
8.021439620418722161e-01 1.623228090878946206e-01
8.022876143244990210e-01 1.622131647735398086e-01
8.024013612989221444e-01 1.620994588493107624e-01
8.024819799213215310e-01 1.619825179274531068e-01
8.025248054383826712e-01 1.618639769999703770e-01
8.025428714001134889e-01 1.617391017419296806e-01
8.026203406482640412e-01 1.616223077165801492e-01
8.028050578041464602e-01 1.615102773897146293e-01
8.029996553394387337e-01 1.614042453872562288e-01
8.032412106170441213e-01 1.612952354747639871e-01
8.034226652298703808e-01 1.611836084478429076e-01
8.035139827900288356e-01 1.610630886703647568e-01
8.035487138619694658e-01 1.609365533119710145e-01
8.034894927705367174e-01 1.607972028976331347e-01
8.034849357927331681e-01 1.606654631303478242e-01
8.035867613820709687e-01 1.605419418432037504e-01
8.037254567664268157e-01 1.604205577742495448e-01
8.038851407130920279e-01 1.603041363154498467e-01
8.040469964763871102e-01 1.601829925800907217e-01
8.041955059308015796e-01 1.600594559820945062e-01
8.043277963340333958e-01 1.599338983778375856e-01
8.044369045333731316e-01 1.598053709762159436e-01
8.045335471525298932e-01 1.596786691334157182e-01
8.046511947951107135e-01 1.595493903045156203e-01
8.047256609310254882e-01 1.594185370642587363e-01
8.046961953457638650e-01 1.592743729240158335e-01
8.046805149847461314e-01 1.591344837980232241e-01
8.047511885912076446e-01 1.589969728940200111e-01
8.048957222301323933e-01 1.588690078505548275e-01
8.051567100459136039e-01 1.587497552106308663e-01
8.054258802667012551e-01 1.586302347946835223e-01
8.055970737136932680e-01 1.585015597125703501e-01
8.057016205742779658e-01 1.583663741259532520e-01
8.057564007892076274e-01 1.582260028319592282e-01
8.057974066705005933e-01 1.580836164824757917e-01
8.058464890423746585e-01 1.579409832416884818e-01
8.059299583384017529e-01 1.578004643689155662e-01
8.060794635674959352e-01 1.576643820092082926e-01
8.062473513103842748e-01 1.575313371261348183e-01
8.063912891308147035e-01 1.573929093539860047e-01
8.065150477023058651e-01 1.572561190904611939e-01
8.065928901212380264e-01 1.571104880065443132e-01
8.066360817523742233e-01 1.569652038987409126e-01
8.066914836221434904e-01 1.568156024071403198e-01
8.067505170878578324e-01 1.566700765386533356e-01
8.069231850764539971e-01 1.565287391389005578e-01
8.071432616414153660e-01 1.563947934169183096e-01
8.073569423768891529e-01 1.562593981353948558e-01
8.075589427139950871e-01 1.561173412915199676e-01
8.076968361444053501e-01 1.559738623929927959e-01
8.077869259332876029e-01 1.558257297028760036e-01
8.078103468959916267e-01 1.556707855477061087e-01
8.077929342867667950e-01 1.555121256276109643e-01
8.078780108502583435e-01 1.553609494165965055e-01
8.080464865218341952e-01 1.552152919794391184e-01
8.082057180348768410e-01 1.550684924076181082e-01
8.083702072494395319e-01 1.549271168054676684e-01
8.085481542406300903e-01 1.547798046490562740e-01
8.087197833605497266e-01 1.546308320332779318e-01
8.088846298601262141e-01 1.544808602585560353e-01
8.090266332486550915e-01 1.543324508761579617e-01
8.091579287275213472e-01 1.541796366412321873e-01
8.092771520701499410e-01 1.540276521157868395e-01
8.093674515891825516e-01 1.538680269453315264e-01
8.094392308064588537e-01 1.537109511586292332e-01
8.094788398289941567e-01 1.535471530739219159e-01
8.094938106749869355e-01 1.533837482574509636e-01
8.095895841100161361e-01 1.532261032462720329e-01
8.097909540629153469e-01 1.530756152194613640e-01
8.099824270403477300e-01 1.529250242071324151e-01
8.101947693289132113e-01 1.527689511273827849e-01
8.103716768478491650e-01 1.526139419025435429e-01
8.105312010643057619e-01 1.524584410546657720e-01
8.106339581868914346e-01 1.522960912722303994e-01
8.106569659330653543e-01 1.521318190951249927e-01
8.107165220556614704e-01 1.519655731700979562e-01
8.108895621839999901e-01 1.518063964183913872e-01
8.110952748112999489e-01 1.516485790951112855e-01
8.113527802368269981e-01 1.514943005010304100e-01
8.115131592372216707e-01 1.513373912583773628e-01
8.115449200148776576e-01 1.511640337661295519e-01
8.115970960469692796e-01 1.509964078957963529e-01
8.117306182471329956e-01 1.508290551526355328e-01
8.118764603336620089e-01 1.506680925590399844e-01
8.120529903803525018e-01 1.505023303761086617e-01
8.122008359764428809e-01 1.503387815141405959e-01
8.122465938799978691e-01 1.501615622321176291e-01
8.123026070876149252e-01 1.499896837502493196e-01
8.124426518490862614e-01 1.498232452092563005e-01
8.125929252918137058e-01 1.496575057083508742e-01
8.127785659812295505e-01 1.494927366349120545e-01
8.129574607250792395e-01 1.493268940248664300e-01
8.131053208303172797e-01 1.491525193590211851e-01
8.132340083202052039e-01 1.489817941577036287e-01
8.133312644706629513e-01 1.488128957248177620e-01
8.134367348005243636e-01 1.486385116751676727e-01
8.135478114916905312e-01 1.484636191089339363e-01
8.136891595106958697e-01 1.482901259510468195e-01
8.138877065519706244e-01 1.481200592649517533e-01
8.140988695395113828e-01 1.479557936106104532e-01
8.142742308318243749e-01 1.477828222781010503e-01
8.144503158917852925e-01 1.476087096687311029e-01
8.146044649412537142e-01 1.474379138209010454e-01
8.147399670227736257e-01 1.472594468626252651e-01
8.148436064016096880e-01 1.470836711875223024e-01
8.149385287693236002e-01 1.469006116988094690e-01
8.150434193367448454e-01 1.467234517609742328e-01
8.151587709559665607e-01 1.465463033164166318e-01
8.152802425952831999e-01 1.463630203237658023e-01
8.153944331937905687e-01 1.461842701442749304e-01
8.155116005196048068e-01 1.460050255494637350e-01
8.156194637967000283e-01 1.458245767807928028e-01
8.157799033305170866e-01 1.456469326773863204e-01
8.159758040429250237e-01 1.454708718483578855e-01
8.161950871605497815e-01 1.452899059309740171e-01
8.164040662749685318e-01 1.451191332369553555e-01
8.166014109502358620e-01 1.449411896107414000e-01
8.167478466356832278e-01 1.447587779688867815e-01
8.168875137515735352e-01 1.445752543231402787e-01
8.170103024941167691e-01 1.443899848143212483e-01
8.171237908537469785e-01 1.442032978477127692e-01
8.172247639850609424e-01 1.440212011189057617e-01
8.173990272805938817e-01 1.438371780234201092e-01
8.176434649772860164e-01 1.436571875769552531e-01
8.178156348055422020e-01 1.434779004191683860e-01
8.179247793661174049e-01 1.432873346806028403e-01
8.179663819589242379e-01 1.430979657022355689e-01
8.179399927573139939e-01 1.428970469199881688e-01
8.179402050001117752e-01 1.427037968214787678e-01
8.179753976285311090e-01 1.425123054937432188e-01
8.180523116749472967e-01 1.423164871240324425e-01
8.181588624510951480e-01 1.421280403058501063e-01
8.183082488053493586e-01 1.419418299083443080e-01
8.185178349278593446e-01 1.417590315743620377e-01
8.187131177120434700e-01 1.415745434139605574e-01
8.188528975818368805e-01 1.413791897683606968e-01
8.189869496134922766e-01 1.411895124859174899e-01
8.191143209855888951e-01 1.409985083938722072e-01
8.192672327170396063e-01 1.408084653194884017e-01
8.194669884194952791e-01 1.406273172663075333e-01
8.196282939495074249e-01 1.404367420219466145e-01
8.197054945337236553e-01 1.402398800120576716e-01
8.197480908715135683e-01 1.400403804615919512e-01
8.197373549213463617e-01 1.398378930804605458e-01
8.198372515484962930e-01 1.396473454994862362e-01
8.202015246630703915e-01 1.394660908901933227e-01
8.205589123249401595e-01 1.392838580159999062e-01
8.207883545047394147e-01 1.390993256497948249e-01
8.208962329739013519e-01 1.389005226303406948e-01
8.207534948660453189e-01 1.386916986436109722e-01
8.206509503531153049e-01 1.384793919054766731e-01
8.207517250292949429e-01 1.382848799084854252e-01
8.209309539160385416e-01 1.380943368362801404e-01
8.211718056791963427e-01 1.379005798658387294e-01
8.214222955505958712e-01 1.377132036879661903e-01
8.216656658026449955e-01 1.375249914930274930e-01
8.218822267303194096e-01 1.373342698318923971e-01
8.220379924877327937e-01 1.371323966031706698e-01
8.221408207347487007e-01 1.369350223796608479e-01
8.221777527934377439e-01 1.367319968523589557e-01
8.222402897904699248e-01 1.365298454469005274e-01
8.225296075174031163e-01 1.363407207911850050e-01
8.229080205668086734e-01 1.361559307685823172e-01
8.232163181916266614e-01 1.359666138585854667e-01
8.234649662157268457e-01 1.357729400664767772e-01
8.234602151586952745e-01 1.355711290093812582e-01
8.233693047334613713e-01 1.353566476107904704e-01
8.233996939257045566e-01 1.351488465980194009e-01
8.235087070354126793e-01 1.349450918064959426e-01
8.236646431266689827e-01 1.347504564909582092e-01
8.238722026547832256e-01 1.345497638216072156e-01
8.240456284456580960e-01 1.343481584837905030e-01
8.241956782304568074e-01 1.341512802893717882e-01
8.243424738673638119e-01 1.339468167958597355e-01
8.244551566728178793e-01 1.337470776091145563e-01
8.245352863473940364e-01 1.335451146092510311e-01
8.245973057474171863e-01 1.333343977546539161e-01
8.247469794977430047e-01 1.331349452822239154e-01
8.249703686779046308e-01 1.329391970625171393e-01
8.252516958094529009e-01 1.327389358089093030e-01
8.255460930804556785e-01 1.325446746432151213e-01
8.256722398824961617e-01 1.323418479627683497e-01
8.256412785964546419e-01 1.321301495574740692e-01
8.256435705324710606e-01 1.319198857838440042e-01
8.256741073926470165e-01 1.317107301669899755e-01
8.258551370282697368e-01 1.315089327224619187e-01
8.262056853225768771e-01 1.313144982278520723e-01
8.264941734210430324e-01 1.311176052938005376e-01
8.267221672014876122e-01 1.309169546399318595e-01
8.268870404737072022e-01 1.307124511582440918e-01
8.269809895729439697e-01 1.305037515747744237e-01
8.270422973399150779e-01 1.302905217043223152e-01
8.270683679955392886e-01 1.300772411368392723e-01
8.270851253144575477e-01 1.298706147760265717e-01
8.271041506078952166e-01 1.296538369125189438e-01
8.271997046185202151e-01 1.294431714347069606e-01
8.273602264892695457e-01 1.292426537190343172e-01
8.275661604244977099e-01 1.290344050697500300e-01
8.277987328164376768e-01 1.288368048163929247e-01
8.280823714324903051e-01 1.286336862991320495e-01
8.284006116932532970e-01 1.284366764328865873e-01
8.286672729503241630e-01 1.282317589841180105e-01
8.288070453109933622e-01 1.280252643362608800e-01
8.288987037391222223e-01 1.278181593169449570e-01
8.289263476170602996e-01 1.275997574050709016e-01
8.289520401598968746e-01 1.273863083368470817e-01
8.290090237058679312e-01 1.271760829060556430e-01
8.290873457215364173e-01 1.269636596653681559e-01
8.291904340445013233e-01 1.267555032161438999e-01
8.293349615972193112e-01 1.265407191922184593e-01
8.295496153629328129e-01 1.263341241390130154e-01
8.297590699409601589e-01 1.261296512093026123e-01
8.298743155031120811e-01 1.259175286731706311e-01
8.299182534774796061e-01 1.257038033930293064e-01
8.298412550933979004e-01 1.254845366142179341e-01
8.297737373446486542e-01 1.252696905832339780e-01
8.298875905228951799e-01 1.250583632761982644e-01
8.300806335571591088e-01 1.248510891600456280e-01
8.303413910268035991e-01 1.246436626482633481e-01
8.306000589153875735e-01 1.244380269854926391e-01
8.306901119216559826e-01 1.242316586980601600e-01
8.307071721345651305e-01 1.240145890691436714e-01
8.307281755656150679e-01 1.237938535763366543e-01
8.307647443024416267e-01 1.235842539458829187e-01
8.309425434514045028e-01 1.233731032144655265e-01
8.311589286015873546e-01 1.231718914676637189e-01
8.313481311685761987e-01 1.229600911876770480e-01
8.315072348735886854e-01 1.227518450602018973e-01
8.315960339830995585e-01 1.225352968263845876e-01
8.316541383569240331e-01 1.223252702502374833e-01
8.317644670320979428e-01 1.221168321979060889e-01
8.319073549448049443e-01 1.219025282032874524e-01
8.320906484044219287e-01 1.216965168549919152e-01
8.322875558012288177e-01 1.214878886384567341e-01
8.323342421741737329e-01 1.212755285909291603e-01
8.322901649879088648e-01 1.210512238069253871e-01
8.322025112387703150e-01 1.208328747315639967e-01
8.320901597313964393e-01 1.206122606155370786e-01
8.321108467600438763e-01 1.203985757115748206e-01
8.322596857737474263e-01 1.201888497043864940e-01
8.324153781081313763e-01 1.199802324205279519e-01
8.325998320206945413e-01 1.197724724168041099e-01
8.327494805374286990e-01 1.195618094507332058e-01
8.328656835208446685e-01 1.193470165224775337e-01
8.329964721716912601e-01 1.191361440667554755e-01
8.331131510387401740e-01 1.189314972364722833e-01
8.332524981603293135e-01 1.187201268910665769e-01
8.333881701800588404e-01 1.185045651929199501e-01
8.335122119803197727e-01 1.182921664929986044e-01
8.336119836941248140e-01 1.180828948712958765e-01
8.337003099298486708e-01 1.178683261125352405e-01
8.337761200086762914e-01 1.176527484585126598e-01
8.338244501125184893e-01 1.174407237418937933e-01
8.338735716608294268e-01 1.172246350106320167e-01
8.339045853929192287e-01 1.170109401822569950e-01
8.339287754028615884e-01 1.167927086771337886e-01
8.339465726683493729e-01 1.165785634931238574e-01
8.339557767224314855e-01 1.163672953178564451e-01
8.339738019050608742e-01 1.161445243730449550e-01
8.339909054532891330e-01 1.159333047205038658e-01
8.340091471686449376e-01 1.157184639161847189e-01
8.340515169051794242e-01 1.155005265027211486e-01
8.341012240348923967e-01 1.152864927382181992e-01
8.341670713627739042e-01 1.150724969917242269e-01
8.342255491988722627e-01 1.148577233196525216e-01
8.343056062140377094e-01 1.146479970471274562e-01
8.343894894539368723e-01 1.144263685167299788e-01
8.344821483055900879e-01 1.142123434252876601e-01
8.346137201092126423e-01 1.139998604334123145e-01
8.348177634313472817e-01 1.137905163856245960e-01
8.350147333752298007e-01 1.135801191838714114e-01
8.351728110128421312e-01 1.133680740694437555e-01
8.352787491635497164e-01 1.131623311666686282e-01
8.353197772902188900e-01 1.129455529077099257e-01
8.353033019855787833e-01 1.127267289430323172e-01
8.352759638969141642e-01 1.125027635581122704e-01
8.352234255188201173e-01 1.122820398824132815e-01
8.351183520746620070e-01 1.120680332123567269e-01
8.350219851625482193e-01 1.118451157140022134e-01
8.349924806659290155e-01 1.116203948821608838e-01
8.350328847904382457e-01 1.114037453628757279e-01
8.351609924926153283e-01 1.111918422046233729e-01
8.353304258477793898e-01 1.109785612912488756e-01
8.354424747758087966e-01 1.107663927024221256e-01
8.355395321854923729e-01 1.105497172979986314e-01
8.355755985111189554e-01 1.103349729801308687e-01
8.355987887481404197e-01 1.101163117495343319e-01
8.355986433768496369e-01 1.098998187437497109e-01
8.355864780730191121e-01 1.096869589988198196e-01
8.355576370884124637e-01 1.094609659500050958e-01
8.355025000511128175e-01 1.092425103968889255e-01
8.354065040589402358e-01 1.090267913934736127e-01
8.352675199916719251e-01 1.087972322354957277e-01
8.350950174591988961e-01 1.085795532292115895e-01
8.348930107214609375e-01 1.083565063498123371e-01
8.347263224979087903e-01 1.081332929558974365e-01
8.345826091646685319e-01 1.079165090956942102e-01
8.344622520333391247e-01 1.076955117003313700e-01
8.343684547387336670e-01 1.074665578338052790e-01
8.342985122850195001e-01 1.072515441048556423e-01
