1.383800746113417711e-02 7.027339164549659678e-01
1.492140514278317287e-02 7.011055173891668213e-01
1.607143216783264023e-02 6.994678927246444911e-01
1.725775333628586095e-02 6.978223086829395960e-01
1.843488074584459166e-02 6.961672266537431986e-01
1.954690638922476284e-02 6.945034392733206996e-01
2.054148653620914075e-02 6.928311813759170379e-01
2.136343451834301493e-02 6.911516248914326699e-01
2.192837577241425057e-02 6.894609080128654144e-01
2.215086693979922278e-02 6.877609903617368792e-01
2.191423283501069824e-02 6.860479287694303263e-01
2.117668018299384905e-02 6.843233756434119464e-01
2.006286477488483655e-02 6.825865028704038995e-01
1.893735613784529315e-02 6.808438577040055728e-01
1.827361735287333019e-02 6.790945454155651317e-01
1.839010876221320451e-02 6.773427636659129503e-01
1.925011708904246499e-02 6.755861367309193843e-01
2.056337954084614880e-02 6.738216130164458306e-01
2.196721539914428187e-02 6.720490782393802043e-01
2.335565906182136137e-02 6.702598559814827439e-01
2.490504076848751649e-02 6.684539965947166040e-01
2.679118833383554651e-02 6.666491164953745052e-01
2.893531566009259828e-02 6.648400317348086563e-01
3.130956502892649068e-02 6.630227910957332549e-01
3.374966972445789942e-02 6.611880756702774864e-01
3.595370087734688774e-02 6.593475665280326137e-01
3.794574073624337046e-02 6.575168585393893483e-01
3.972866484498600165e-02 6.556734439428077987e-01
4.194681378238794556e-02 6.538327836386805814e-01
4.399069623857751465e-02 6.519871597002133701e-01
4.594474272284315708e-02 6.501452942866847717e-01
4.780287281787885811e-02 6.482960397093383564e-01
4.952692176762485410e-02 6.464272716539042341e-01
5.114945294124070840e-02 6.445472528875265672e-01
5.269656063956650732e-02 6.426546019373567953e-01
5.418094343724813577e-02 6.407557470895961504e-01
5.559203334096179949e-02 6.388444942718418673e-01
5.695502619449863829e-02 6.369277134993017730e-01
5.824645017446355294e-02 6.350023048341996157e-01
5.951253402635574979e-02 6.330703529818347830e-01
6.073890173428367345e-02 6.311299254607695142e-01
6.195029426345857737e-02 6.291833264081629906e-01
6.315153541596651987e-02 6.272298431107171668e-01
6.433431565973039834e-02 6.252694586628771978e-01
6.550533883538035840e-02 6.233028378724073670e-01
6.666351965260877699e-02 6.213294096136356970e-01
6.780399727289755651e-02 6.193496737466356317e-01
6.891362265537494258e-02 6.173616838654921724e-01
6.995770272434821690e-02 6.153683069474968903e-01
7.091533791639854922e-02 6.133696922568768750e-01
7.179076406581758052e-02 6.113601196781444091e-01
7.255744740851029217e-02 6.093450647289689881e-01
7.316257676656992559e-02 6.073217765074169217e-01
7.361380400326358875e-02 6.052899116934241652e-01
7.389476222307876652e-02 6.032523507792463269e-01
7.397826010797754759e-02 6.012046413286254998e-01
7.388931956087674280e-02 5.991521230576444257e-01
7.360132601397209595e-02 5.970913671917583709e-01
7.313399328144586098e-02 5.950236446987144934e-01
7.251268071183625263e-02 5.929483051868138510e-01
7.176567830252283953e-02 5.908663699052248974e-01
7.087187690384511018e-02 5.887791467647416344e-01
6.987024145672507403e-02 5.866848283375202255e-01
6.870936429371868326e-02 5.845846795373367266e-01
6.741249407017060880e-02 5.824786430501323053e-01
6.594198370389418862e-02 5.803654560577977684e-01
6.432362372949071427e-02 5.782451610537000519e-01
6.266417742507840449e-02 5.761187180593677626e-01
6.107974152498969744e-02 5.739865913956282428e-01
5.984117429769688495e-02 5.718493337899844819e-01
5.951444194098871876e-02 5.697027529051786887e-01
6.158611204922499055e-02 5.675484230743950143e-01
6.883519839573319643e-02 5.653962998379929994e-01
8.582102047121677180e-02 5.633079357713148827e-01
1.197141991736001138e-01 5.614912808296795843e-01
1.617577612685774935e-01 5.599502855099451892e-01
2.055226776167752012e-01 5.585740565591508222e-01
2.342700721592085034e-01 5.569360796476698905e-01
2.472928971522894148e-01 5.549791876284058123e-01
2.538270272135197958e-01 5.529077338625069116e-01
2.589397429777571258e-01 5.508206437936439270e-01
2.635439245642046679e-01 5.487239583341707583e-01
2.672583500775802534e-01 5.466051553431279242e-01
2.703207917163507612e-01 5.444718944739838085e-01
2.735504286993755696e-01 5.423361680863805212e-01
2.764866929563551956e-01 5.401906579687668630e-01
2.793241367385658758e-01 5.380400140187566738e-01
2.820263823099827816e-01 5.358843162172594043e-01
2.848069895528732021e-01 5.337255650921993722e-01
2.874948494341042493e-01 5.315608061264449624e-01
2.901335866024623567e-01 5.293936205272506967e-01
2.927545263703835721e-01 5.272223767011099405e-01
2.954201398440648996e-01 5.250483497878881689e-01
2.979958743988608827e-01 5.228694169047444218e-01
3.005641782814298946e-01 5.206879739945975416e-01
3.032318688938571150e-01 5.185030817609999065e-01
3.058842608491449400e-01 5.163183640510793371e-01
3.085908290620180128e-01 5.141309027884647387e-01
3.114312981442923234e-01 5.119436916544030103e-01
3.142871459831773073e-01 5.097540512467932938e-01
3.172193641993459323e-01 5.075619485677901332e-01
3.201431009996194010e-01 5.053694435118859518e-01
3.230374099267319665e-01 5.031730989162652712e-01
3.258957551769584571e-01 5.009749211822134285e-01
3.287557921557039409e-01 4.987738903568646465e-01
3.316271036750528256e-01 4.965713604715765728e-01
3.345640209012176181e-01 4.943679361356812518e-01
3.375310113149307956e-01 4.921635386830841008e-01
3.405320874051332436e-01 4.899562047962218170e-01
3.434900354174624804e-01 4.877455230089584037e-01
3.463797517131078085e-01 4.855353613188893580e-01
3.491997088758079237e-01 4.833194587625929128e-01
3.519026394537585478e-01 4.811008647292910334e-01
3.545032788162456594e-01 4.788780339065366043e-01
3.570536306912476254e-01 4.766520865398933271e-01
3.595286351303007555e-01 4.744236801560813288e-01
3.619273377692784899e-01 4.721921549855611633e-01
3.642575029164725753e-01 4.699547769914446116e-01
3.665757273516742076e-01 4.677195369288381643e-01
3.688680867316405654e-01 4.654803067447610965e-01
3.710708183533544258e-01 4.632397217060738592e-01
3.732803330849193135e-01 4.609968672725140992e-01
3.754660068534576567e-01 4.587547045099875653e-01
3.776313579463464465e-01 4.565104619470282676e-01
3.797891806557868177e-01 4.542614973513043886e-01
3.819958882538148082e-01 4.520174482352926071e-01
3.842027961318832396e-01 4.497747466168828812e-01
3.865115841768453353e-01 4.475320435445098166e-01
3.889771305608151764e-01 4.452971294382864764e-01
3.916502939340577583e-01 4.430632270753773749e-01
3.945124331722077993e-01 4.408326542528903658e-01
3.974971448309709832e-01 4.386085574821054212e-01
4.005259728902467731e-01 4.363867172895490865e-01
4.036080361783718762e-01 4.341651746919030774e-01
4.066465100189658455e-01 4.319425288400070562e-01
4.095062951253670702e-01 4.297188761728122919e-01
4.121766852223806010e-01 4.274920748452363806e-01
4.147542513517609164e-01 4.252652349022233436e-01
4.172453319161404384e-01 4.230320462555519079e-01
4.196650509469151968e-01 4.207982163855930602e-01
4.220777507520706573e-01 4.185719355667613106e-01
4.245159980937347477e-01 4.163449259039554429e-01
4.270955372718122645e-01 4.141220157536214530e-01
4.298975637991264143e-01 4.118999051112546272e-01
4.328647453679119739e-01 4.096853131553108152e-01
4.358216495510521815e-01 4.074704993854614266e-01
4.387597626311509069e-01 4.052658750093875994e-01
4.417098625342610885e-01 4.030579301615830334e-01
4.446536865527825344e-01 4.008544642199172170e-01
4.476009890842215233e-01 3.986526298936149404e-01
4.504790143702168126e-01 3.964529064245594925e-01
4.532711962151260709e-01 3.942521862808101574e-01
4.560154614792957806e-01 3.920497052514764769e-01
4.586868002940661104e-01 3.898505240549837714e-01
4.612775025156721220e-01 3.876552609490179768e-01
4.638612160035152088e-01 3.854577758980977098e-01
4.663980894895521367e-01 3.832600229825983695e-01
4.689162491539023425e-01 3.810617447561474025e-01
4.714405799961839949e-01 3.788664739806091863e-01
4.739238296432533026e-01 3.766743617436803526e-01
4.764434097630981801e-01 3.744816228740895370e-01
4.788942148095096663e-01 3.722967561941094572e-01
4.813856679532250715e-01 3.701154562184115204e-01
4.838750111929615016e-01 3.679408777582886536e-01
4.863569281164511482e-01 3.657647705924065296e-01
4.888528794689990797e-01 3.635917288012375792e-01
4.913239697496961100e-01 3.614279236610989376e-01
4.938115940816802940e-01 3.592640849608146891e-01
4.962913554518179060e-01 3.570982862093242116e-01
4.987563805082617652e-01 3.549371403270397130e-01
5.011773768349303548e-01 3.527827319377052073e-01
5.036525148575756727e-01 3.506293949302903279e-01
5.061239418349807728e-01 3.484738198943634346e-01
5.084787564123267600e-01 3.463257239419127442e-01
5.109246606724082707e-01 3.441868101379119138e-01
5.134005021787461098e-01 3.420551565309385977e-01
5.157699025994255670e-01 3.399231779423160238e-01
5.182803552171931782e-01 3.377998510117714015e-01
5.206228576772318206e-01 3.356842323356091229e-01
5.230552338858084349e-01 3.335733398631622881e-01
5.254463925267464086e-01 3.314573590450747287e-01
5.278151433415014804e-01 3.293503405632525749e-01
5.301402286153757970e-01 3.272443199240875900e-01
5.326260087468366322e-01 3.251388154557564025e-01
5.349426135790951164e-01 3.230441849365142115e-01
5.373407229543022412e-01 3.209628366896415397e-01
5.396024410213576816e-01 3.188841774169750010e-01
5.420700011138411822e-01 3.168012046040531438e-01
5.443978835821009499e-01 3.147324136987272869e-01
5.468549159572815288e-01 3.126699977182101908e-01
5.492043369245538376e-01 3.106164345817127304e-01
5.514914023665178355e-01 3.085649150884443581e-01
5.538953344116045452e-01 3.065222899467558992e-01
5.562255637292079502e-01 3.044865160472695620e-01
5.585985618550841636e-01 3.024568643529254586e-01
5.609178333120637960e-01 3.004316024394712015e-01
5.632604773698735023e-01 2.984088883099557110e-01
5.655741339346247454e-01 2.963948318941916349e-01
5.678973102679870655e-01 2.943842619186403664e-01
5.702281608559321979e-01 2.923800098158955141e-01
5.724942561795389739e-01 2.903832726728121649e-01
5.748397629423833699e-01 2.883837591151417468e-01
5.770804091615744369e-01 2.864032795734981485e-01
5.794025956047490489e-01 2.844202266132229706e-01
5.816629700978194206e-01 2.824472965489813747e-01
5.839341764781698085e-01 2.804801549999322297e-01
5.861924124612071241e-01 2.785167319127971330e-01
5.884400756227831097e-01 2.765588528823406667e-01
5.906425591209154558e-01 2.746109414082498756e-01
5.929069143838888722e-01 2.726705406621259820e-01
5.950994261837165844e-01 2.707348105966240204e-01
5.973354142540595602e-01 2.688157115772188410e-01
5.995689766995649927e-01 2.669002921281608542e-01
6.017405007031092490e-01 2.649899554994032402e-01
6.039234660863733728e-01 2.630907325140888209e-01
6.061868227606044268e-01 2.611927395256755102e-01
6.083676464362238745e-01 2.593014601328026414e-01
6.105468895283340247e-01 2.574206310655527963e-01
6.126823057866713773e-01 2.555472308620284627e-01
6.148951423543997929e-01 2.536722382661422692e-01
6.170616084670633716e-01 2.518143589788137682e-01
6.192299576481875567e-01 2.499615465577358919e-01
6.213866046846275859e-01 2.481166897392765580e-01
6.235119897278209589e-01 2.462764108306254862e-01
6.256400424312754671e-01 2.444486030746923777e-01
6.277633193552812907e-01 2.426295990315788798e-01
6.298655471999914379e-01 2.408169495965122864e-01
6.319395984049815951e-01 2.390240086687332455e-01
6.339858291324692585e-01 2.372319377037727939e-01
6.361047833001308716e-01 2.354367266629624478e-01
6.381909885051367803e-01 2.336588365007370993e-01
6.402433032868352081e-01 2.318816112616094993e-01
6.423186722242574254e-01 2.301220497746347959e-01
6.443724627944634742e-01 2.283594850726128334e-01
6.464421501549107996e-01 2.266164129905353097e-01
6.484491871098796434e-01 2.248824322888668403e-01
6.505185505297597093e-01 2.231567129506969449e-01
6.524533363399526165e-01 2.214423957560173462e-01
6.544854635077522742e-01 2.197246144664975198e-01
6.564828831971321055e-01 2.180159342504280062e-01
6.584285278157299137e-01 2.163195635791777816e-01
6.604161822823899630e-01 2.146287826021487377e-01
6.623448885569350741e-01 2.129481662471197356e-01
6.642671998672124989e-01 2.112767142068666115e-01
6.662685247368675956e-01 2.096213241973054198e-01
6.682081776758339586e-01 2.079764147475506586e-01
6.700879760339319979e-01 2.063294792819669876e-01
6.720121682633802829e-01 2.047035962004224163e-01
6.739347285291239498e-01 2.030773878090301743e-01
6.758221008951945663e-01 2.014673015478495033e-01
6.777046541809397251e-01 1.998614268465394583e-01
6.796255821890927473e-01 1.982614677804280801e-01
6.814786921863583702e-01 1.966723229679669116e-01
6.833506894178749125e-01 1.950926953351254378e-01
6.851561942876969180e-01 1.935242146381544459e-01
6.869852526652079350e-01 1.919612509260557598e-01
6.887625683142239996e-01 1.904127824076563003e-01
6.906250001714334674e-01 1.888692126606022204e-01
6.924180315304475641e-01 1.873457107630202290e-01
6.942492204765808861e-01 1.858202813301303435e-01
6.960196308212447391e-01 1.843091564994487619e-01
6.978077649965968021e-01 1.828059184314562158e-01
6.995267508025319048e-01 1.813122240545177177e-01
7.012674588769481909e-01 1.798268240022759534e-01
7.030202837044251529e-01 1.783515106737464939e-01
7.047559910634969560e-01 1.768868273559230375e-01
7.064659655875256128e-01 1.754233767613193051e-01
7.081536578014447914e-01 1.739794029963270261e-01
7.098613544937394382e-01 1.725528817741454612e-01
7.115332638612560379e-01 1.711250853929789928e-01
7.132402095138132836e-01 1.697158926117848798e-01
7.148893627625944047e-01 1.683199479712746138e-01
7.165081104994753813e-01 1.669275434559115978e-01
7.181270858838567639e-01 1.655386753115219989e-01
7.197379420254493843e-01 1.641751960269337840e-01
7.213093794220407640e-01 1.628081068325009095e-01
7.228781277164606500e-01 1.614554752090933687e-01
7.244136627001453999e-01 1.600997567806137500e-01
7.259658367603611939e-01 1.587623608065103498e-01
7.275502992486785336e-01 1.574277288495593563e-01
7.290595104589696618e-01 1.561016880256797523e-01
7.305104768483510203e-01 1.547819070861105040e-01
7.320164345086697111e-01 1.534719782821860057e-01
7.334493669943374927e-01 1.521721163831368240e-01
7.348663300076456739e-01 1.508779444195826047e-01
7.362368099794064369e-01 1.496031563193001845e-01
7.375840448042585429e-01 1.483326510416024813e-01
7.388726128474403243e-01 1.470719373087810145e-01
7.400543374134447294e-01 1.458133386979978408e-01
7.412327310771902322e-01 1.445746597627561303e-01
7.423810041163618756e-01 1.433302359730438957e-01
7.434185258132974816e-01 1.421028797389402853e-01
7.445081526510691772e-01 1.408845279058710820e-01
7.456546428787900194e-01 1.396874794809146170e-01
7.468254495383460645e-01 1.384986139826901996e-01
7.481858897448203649e-01 1.373307763227894496e-01
7.497083457778498383e-01 1.361791573151396317e-01
7.516174328034300745e-01 1.350372610050321887e-01
7.535441764582643254e-01 1.339224407746995860e-01
7.554820825132763096e-01 1.328250288349636654e-01
7.575406895738249213e-01 1.317292354203702387e-01
7.596225346369519515e-01 1.306437802996643083e-01
7.615028989710475038e-01 1.295703237443063538e-01
7.631319392786969358e-01 1.285135408885202390e-01
7.647276170322829802e-01 1.274376445901521937e-01
7.663175385377207771e-01 1.263844318300387515e-01
7.677866686382940342e-01 1.253315231805531560e-01
7.689327100170328944e-01 1.242979115395219519e-01
7.702182926500151794e-01 1.232624329091435850e-01
7.715316740023463460e-01 1.222320549533088690e-01
7.727539282975304236e-01 1.212165484136074611e-01
7.741730244302519326e-01 1.202136259192988915e-01
7.755079022061915905e-01 1.192222901089294018e-01
7.768734273138637736e-01 1.182402018178979747e-01
7.781611271213433323e-01 1.172714094389524925e-01
7.793362383605196841e-01 1.163024596469992705e-01
7.805553004713462473e-01 1.153533647529287332e-01
7.817451444873291244e-01 1.144047427804546629e-01
7.829626516519430091e-01 1.134628294197494586e-01
7.841553952676763029e-01 1.125351276941957274e-01
7.853646010915787956e-01 1.116158224382385322e-01
7.865624623082385636e-01 1.106922133609024167e-01
7.877649035234041142e-01 1.097896170303375996e-01
7.889169153109371058e-01 1.089018897798013363e-01
7.900587945767265641e-01 1.080173000864578514e-01
7.912147677837555459e-01 1.071532184216095196e-01
7.923134206953590386e-01 1.062937731861823554e-01
7.934772328738927127e-01 1.054376920761468106e-01
7.946295647091407011e-01 1.046039314155621375e-01
7.957004169387476011e-01 1.037720879569367094e-01
7.967800609575719228e-01 1.029580764915801333e-01
7.978601092710012610e-01 1.021415578441661615e-01
7.989754980105104876e-01 1.013446421981284429e-01
8.000095617150233540e-01 1.005397562718595567e-01
8.010927611484800481e-01 9.976354565834004429e-02
8.021858010675516626e-01 9.898473548378566855e-02
8.033170197988158678e-01 9.821342018275486252e-02
8.043092000666791641e-01 9.745797908417380695e-02
8.052266929833715725e-01 9.670887655291765528e-02
8.061942793152963027e-01 9.597845082856980292e-02
8.072432232552452236e-01 9.524566258630692839e-02
8.082167788131380259e-01 9.452546899208370823e-02
8.091561642056339654e-01 9.381202676006231145e-02
8.101109449019342490e-01 9.310999440469421018e-02
8.110924540863558851e-01 9.241705317858159296e-02
8.120299395771304329e-01 9.173023236310090534e-02
8.129322153740039525e-01 9.105365170092714899e-02
8.138420030514960102e-01 9.037704947641139741e-02
8.147422395175956122e-01 8.972929749796579313e-02
8.156314416417261848e-01 8.907101708130463202e-02
8.165342639116018875e-01 8.843010551107663431e-02
8.174043995804224361e-01 8.779935261338674135e-02
8.182447864468781473e-01 8.717571956151265455e-02
8.190905483114052643e-01 8.656199827227653576e-02
8.199252874016405013e-01 8.595734522970145675e-02
8.208055937447046313e-01 8.536021379493589911e-02
8.217516116240379809e-01 8.476997426583414430e-02
8.226327633074266288e-01 8.418949247295871852e-02
8.234286310112596263e-01 8.362227492684796981e-02
8.242206798663539447e-01 8.305915630519289383e-02
8.250241707698978688e-01 8.251295612292246229e-02
8.258344031930526796e-01 8.196741936047546861e-02
8.266429335535467882e-01 8.143106384268997133e-02
8.274498048546721218e-01 8.090385764391781753e-02
8.282802490396258266e-01 8.038274258430844199e-02
8.290689755192839350e-01 7.987272321509997219e-02
8.297927796357836838e-01 7.936718409490187143e-02
8.304936954841176666e-01 7.886460873331570254e-02
8.312335410763858068e-01 7.837618272601890035e-02
8.319624367175039170e-01 7.788921738966719799e-02
8.326748281019203946e-01 7.741928847813173142e-02
8.334083018724293135e-01 7.694613939211579490e-02
8.341760011664112184e-01 7.649120115286146826e-02
8.349335489497144991e-01 7.603546092536581091e-02
8.356496506243864530e-01 7.559491384715273654e-02
8.363174111340739847e-01 7.516648993028070269e-02
8.369461073160768816e-01 7.474440197280823872e-02
8.375715533609087160e-01 7.432841084860647429e-02
8.382529629440407248e-01 7.392281934715999592e-02
8.389352940299893424e-01 7.351275997192870115e-02
8.395648048306112443e-01 7.311221215172528098e-02
8.401858421846042368e-01 7.272857716938352368e-02
8.408028817273985878e-01 7.234442062458885936e-02
8.414166587870438585e-01 7.197734554986083555e-02
8.419939486925692718e-01 7.160554489148222845e-02
8.425561302507119654e-01 7.125200676719530002e-02
8.431368170064580392e-01 7.090600552489628727e-02
8.437284885698391745e-01 7.056696462637303269e-02
8.443492002722420287e-01 7.023438422473921028e-02
8.449587148475202758e-01 6.991104755797618309e-02
8.455354443152911514e-01 6.959398928835880405e-02
8.460842512496401513e-01 6.928522560064877267e-02
8.465995717066967519e-01 6.897419745619190468e-02
8.470860284397483397e-01 6.867084483402080552e-02
8.475319323504023616e-01 6.837311501437415284e-02
8.479676260384618747e-01 6.809099811689478532e-02
8.485446856107423663e-01 6.781704169443643349e-02
8.491851235645179186e-01 6.755079308029363072e-02
8.496932464456864453e-01 6.728975699527114940e-02
8.501166443468508582e-01 6.703660292495786099e-02
8.505949084913686509e-01 6.679768565675833769e-02
8.510865776429119567e-01 6.655854517061499109e-02
8.515275585176227402e-01 6.632404039623727987e-02
8.519120313854193771e-01 6.609910468159800601e-02
8.524238982370727635e-01 6.587738761810707500e-02
8.530234716557221208e-01 6.566552081787416228e-02
8.534625912590670938e-01 6.545756776988304049e-02
8.537557980300332083e-01 6.525836023185156709e-02
8.541270342982338892e-01 6.506292565095649072e-02
8.545565353461669345e-01 6.488286975527639278e-02
8.549757320228630331e-01 6.470323831132619719e-02
8.553923639958614933e-01 6.453526161349651402e-02
8.557797750844856610e-01 6.437515984716933592e-02
8.561720363975473536e-01 6.421072345599840303e-02
8.565492471741094072e-01 6.406279069155569605e-02
8.569263260097934598e-01 6.392070937543919973e-02
8.573066995584702754e-01 6.377607836265887509e-02
8.577089226992077320e-01 6.364644403051041011e-02
8.581040704230600280e-01 6.351367829275067489e-02
8.584934764961968945e-01 6.339463439673510836e-02
8.588561635916028836e-01 6.328209709192715582e-02
8.591966145217562190e-01 6.317559423204301139e-02
8.595017310189777549e-01 6.307283044599676369e-02
8.597480535614333563e-01 6.297688905216361488e-02
8.600317477856916915e-01 6.288643070065429164e-02
8.603556194236249288e-01 6.280136744526813863e-02
8.607155700186476244e-01 6.271561299955108471e-02
8.611455890552416337e-01 6.263590928703746674e-02
8.614937104735144180e-01 6.256884733169501556e-02
8.616553609238462030e-01 6.249716332799635371e-02
8.618246946459312552e-01 6.243032310335359242e-02
8.621035977206776835e-01 6.236999377630681601e-02
8.623976388017277062e-01 6.231709826912532058e-02
8.627005122950186511e-01 6.227689945784099790e-02
8.629846069458554370e-01 6.223279013921956260e-02
8.632329599923077579e-01 6.218809111177916321e-02
8.634843695236557037e-01 6.216100725385284576e-02
8.637213455692082098e-01 6.212662143154385613e-02
8.639632613408584350e-01 6.210326788796850794e-02
8.642093323505664060e-01 6.208570919718522929e-02
8.644609658881562408e-01 6.207383644944151901e-02
8.646925845534162436e-01 6.205922302523372153e-02
8.649010260350297186e-01 6.205002677723472915e-02
8.650900879761848072e-01 6.205117295385377540e-02
8.652822045339815249e-01 6.205768941851122489e-02
8.655102524468688552e-01 6.206254320147420317e-02
8.657451650631291518e-01 6.207937916562147190e-02
8.659455964790145899e-01 6.209412047595268269e-02
8.661387399291519129e-01 6.211340109111768842e-02
8.663275648878372426e-01 6.213727870809412912e-02
8.665010643394889245e-01 6.216680523027759420e-02
8.666339221752469291e-01 6.219814860465342626e-02
8.667609017288017137e-01 6.223550990744514816e-02
8.669379325867221375e-01 6.227848544249615231e-02
8.671289419829278922e-01 6.232567031596871615e-02
8.672907178847868437e-01 6.236971936837444608e-02
8.674248115601965736e-01 6.242534795010376558e-02
8.675440018792379693e-01 6.248470767249023755e-02
8.676517697794584594e-01 6.254732829861628374e-02
8.677465300343633059e-01 6.260999009379784874e-02
8.678340954620260561e-01 6.268038985526397378e-02
8.679434090517115230e-01 6.275698921508471306e-02
8.680678360505850177e-01 6.283795937335501236e-02
8.681961283083892145e-01 6.292210864370696710e-02
8.683266815781486292e-01 6.301251615669199724e-02
8.683853380915784737e-01 6.310968094987061405e-02
8.683878000864398983e-01 6.320267160774463433e-02
8.684613794177469259e-01 6.330272126214313289e-02
8.686020395482809686e-01 6.340817166725432052e-02
8.687154412624514821e-01 6.352334765126339822e-02
8.687843023841986811e-01 6.363379375160534146e-02
8.688434989788975660e-01 6.375429834417514763e-02
8.688836627584031191e-01 6.387394332608568870e-02
8.689342844765465257e-01 6.400164861918153369e-02
8.690033383843315251e-01 6.413784413926698624e-02
8.690623504624093165e-01 6.427250657353282548e-02
8.691457442567530611e-01 6.441227444607013075e-02
8.691677482302416768e-01 6.455773486748762890e-02
8.691061548730301123e-01 6.469972498319584431e-02
8.691129228799309159e-01 6.484751817307943256e-02
8.692123794970336714e-01 6.499604005356411640e-02
8.692823679936141357e-01 6.514290735996484949e-02
8.693325708750289094e-01 6.529275751684456008e-02
8.693049928745717470e-01 6.543333314787112831e-02
8.692331306951766035e-01 6.557154444753489353e-02
8.689806144664435905e-01 6.570739014822067625e-02
8.684479669252500589e-01 6.583248556583237709e-02
8.680277482396130395e-01 6.596425433090880031e-02
8.678788970481626786e-01 6.610841079920194707e-02
8.678581994016887347e-01 6.626713836333378294e-02
8.679762642108181936e-01 6.643805192484987521e-02
8.680789532220084537e-01 6.661193346719751496e-02
8.680887366553209361e-01 6.679534520478014326e-02
8.680958998758140366e-01 6.697995541259578467e-02
8.681862536592686030e-01 6.717657497188578297e-02
8.682515284147505064e-01 6.737748916385195852e-02
8.682133513644119116e-01 6.757840323376879121e-02
8.681840836817076301e-01 6.778729420288701069e-02
8.682122743345597193e-01 6.799578806799524977e-02
8.682705176779396128e-01 6.821221660182569257e-02
8.683643551254922599e-01 6.842907998064864938e-02
8.683984123729874272e-01 6.864693532147045363e-02
8.682497177978821812e-01 6.885880492283120990e-02
8.680632638855911853e-01 6.907198417434151638e-02
8.679433850930639016e-01 6.928988535302321727e-02
8.678878684835990009e-01 6.951318619646486285e-02
8.679514072315844819e-01 6.974596378756461879e-02
8.680453128609679769e-01 6.997757046304953210e-02
8.680796669244459363e-01 7.021159114444459892e-02
8.680621503172457620e-01 7.044828354916760071e-02
8.679998361317081690e-01 7.068235279493896572e-02
8.679047676293387692e-01 7.091953488608750134e-02
8.678128377432546836e-01 7.115364123935073726e-02
8.677200588329219144e-01 7.139541314723109322e-02
8.676195889081336210e-01 7.163787630585898014e-02
8.675077332990663859e-01 7.188034538376461557e-02
8.674632430312024800e-01 7.212959905988587661e-02
8.674530612553279507e-01 7.238354377606065482e-02
8.673766845475984200e-01 7.263517791760268349e-02
8.672603441379020950e-01 7.288749297295039897e-02
8.672154988480627047e-01 7.314644883046704515e-02
8.672114316212083951e-01 7.340794388418366012e-02
8.670718174047795657e-01 7.366379509823448024e-02
8.668384428804879471e-01 7.391950252666369681e-02
8.666565676852656663e-01 7.417821354328736627e-02
8.665103736883158492e-01 7.443896487100844228e-02
8.664856867061100365e-01 7.470939368697743221e-02
8.665670622305294835e-01 7.498535688948426703e-02
8.665031382229383405e-01 7.525837666756021727e-02
8.662909401260969755e-01 7.552454912972460244e-02
8.660984192034817397e-01 7.579202326343921492e-02
8.658925107362837048e-01 7.605878592104120539e-02
8.658273387027367596e-01 7.633828562395313100e-02
8.658961534384260750e-01 7.662484714464505575e-02
8.658175096152148642e-01 7.690628766325810495e-02
8.655853161938770191e-01 7.717944445773093631e-02
8.654251839283125802e-01 7.745858291422570707e-02
8.653488070162649315e-01 7.774315930455404089e-02
8.651935271153021745e-01 7.802552379587801568e-02
8.649349135437222058e-01 7.830371344001592349e-02
8.647204782399792178e-01 7.858508382211511212e-02
8.645683844841650645e-01 7.886972782881383759e-02
8.644135395167035218e-01 7.915693906822168779e-02
8.642549433120986224e-01 7.944768299784220333e-02
8.640863019950426605e-01 7.973595907372849068e-02
8.639181236598215685e-01 8.002640653204549925e-02
8.637198134043599929e-01 8.031494423096541269e-02
8.634737351319455856e-01 8.060494126631577438e-02
8.632549458519516161e-01 8.089562435918133676e-02
8.630766317030543755e-01 8.119158272064684601e-02
8.629064132262833642e-01 8.148910177704427049e-02
8.627172474845051786e-01 8.178600882560566054e-02
8.625441564458266042e-01 8.208483662705012840e-02
8.624322407773783450e-01 8.238916726136460977e-02
8.622826414069649781e-01 8.269206354278431370e-02
8.620682118868813193e-01 8.299150983492210865e-02
8.618257464525003186e-01 8.329099917643272011e-02
8.615631271074469799e-01 8.359097548760451024e-02
8.613219053878182763e-01 8.389059723729370976e-02
8.611902994467127703e-01 8.419993085077093209e-02
8.610316021039785550e-01 8.450845642528524715e-02
8.607838734219773746e-01 8.481011606599082875e-02
8.605331196157776086e-01 8.511451906570963177e-02
8.603717375520404387e-01 8.542278787706952814e-02
8.602163715025739066e-01 8.573325015540228522e-02
8.599548634031219940e-01 8.603850916769489876e-02
8.596987936132283181e-01 8.634634704608556977e-02
8.596017845472706531e-01 8.666330419507387028e-02
8.595294110559756895e-01 8.698323033186379505e-02
8.593171428977145476e-01 8.729568196500395172e-02
8.590390245385601808e-01 8.760301572424708527e-02
8.587418425088464424e-01 8.791004672394103769e-02
8.584290774542372437e-01 8.821473016374635490e-02
8.580960036344904562e-01 8.851994723489974015e-02
8.577544102707242990e-01 8.882550545666401121e-02
8.575669385116192478e-01 8.914310229012827047e-02
8.574517454088300683e-01 8.946462018870690591e-02
8.571768392635574774e-01 8.977646069718363264e-02
8.568105596469641760e-01 9.008299020339621821e-02
8.565864862545453651e-01 9.039810829920863489e-02
8.564152512688134600e-01 9.071831941617967965e-02
8.561339908382743502e-01 9.103216636525876537e-02
8.557780534906387349e-01 9.133912452907316792e-02
8.554443120618967500e-01 9.164897968645180359e-02
8.551349108207494387e-01 9.196176066367586777e-02
8.549417884897312359e-01 9.228131859891343380e-02
8.548350810810924072e-01 9.260823627708467121e-02
8.545929039047893694e-01 9.292698430777848739e-02
8.542825138962721887e-01 9.324171322915915383e-02
8.540215667125271581e-01 9.355817360586991815e-02
8.538159169057345510e-01 9.387992574773366961e-02
8.535386851233148775e-01 9.419460983590483005e-02
8.531970447624676046e-01 9.450849599734720274e-02
8.529073014295884825e-01 9.482440064436831184e-02
8.526642764781269257e-01 9.514187868924359193e-02
8.523825510043366860e-01 9.546052075669786419e-02
8.520502796505871057e-01 9.577323161545345243e-02
8.517579629841081079e-01 9.608997324906534687e-02
8.515121865916766009e-01 9.640875124020092946e-02
8.512475587475116789e-01 9.672665855939104051e-02
8.509538278387916987e-01 9.704322626853158218e-02
8.507128248101577528e-01 9.736469629065459819e-02
8.505263585274034366e-01 9.768803113636459479e-02
8.503282934099165580e-01 9.801187225973471973e-02
8.500681406777464977e-01 9.833153394320674756e-02
8.498599832254293274e-01 9.865288484600287511e-02
8.497482977545049998e-01 9.898588480292946912e-02
8.495219750186926433e-01 9.930466254589477570e-02
8.490791178505933123e-01 9.961011939229660883e-02
8.487238876646452379e-01 9.992019488630408952e-02
8.485994473658894366e-01 1.002491299290112770e-01
8.484407715494136637e-01 1.005764385825869689e-01
8.481008039656672270e-01 1.008900163299417396e-01
8.478138811026958432e-01 1.012037107974545352e-01
8.476721970959155694e-01 1.015315181632818059e-01
8.474963451534121006e-01 1.018537133124305105e-01
8.471459552529260195e-01 1.021646432402495003e-01
8.468222110723014895e-01 1.024751296956886298e-01
8.466796340022978429e-01 1.028017989360837103e-01
8.465489058158421898e-01 1.031259961914016421e-01
8.462840117051450006e-01 1.034427900809247181e-01
8.460104086387879585e-01 1.037560139096585926e-01
8.458366844504690008e-01 1.040748796562528944e-01
8.456501295630757253e-01 1.043965477507342171e-01
8.453083291046764591e-01 1.047024865568633722e-01
8.449762245419411011e-01 1.050095460445810563e-01
8.447898317460450501e-01 1.053293804337501749e-01
8.446555606713230802e-01 1.056503773652502226e-01
8.444447925414483302e-01 1.059657230767072772e-01
8.442221489195771422e-01 1.062822036487603983e-01
8.441213164702844329e-01 1.066073540487239568e-01
8.440277997031349067e-01 1.069325396715437304e-01
8.437817271533132324e-01 1.072429581438239243e-01
8.434658911776264922e-01 1.075496383200077732e-01
8.431569476465331503e-01 1.078575509013522810e-01
8.428763092276555513e-01 1.081627804874861210e-01
8.426714048061038076e-01 1.084771677632504067e-01
8.425088949694696794e-01 1.087952518044927874e-01
8.422621770406607533e-01 1.091041914665476925e-01
8.419730470195155858e-01 1.094083517360674856e-01
8.417200514666247635e-01 1.097139994038540123e-01
8.414990625603236962e-01 1.100229542057342552e-01
8.413441406622936825e-01 1.103395266795355878e-01
8.412446179768134913e-01 1.106562542162208979e-01
8.409999821991298585e-01 1.109598387625148064e-01
8.406696210365119937e-01 1.112565144831511171e-01
8.404687829363324258e-01 1.115612217643878190e-01
8.403683067484345459e-01 1.118779179248822753e-01
8.402075908024276840e-01 1.121887393287614582e-01
8.400231918057639025e-01 1.124954528701780504e-01
8.398059219430185074e-01 1.127956374785656357e-01
8.395492053945542432e-01 1.130985835546448326e-01
8.393589129449496866e-01 1.134013232205819954e-01
8.392062711142912468e-01 1.137101246016734707e-01
8.390227183014337120e-01 1.140139306979647549e-01
8.387895376797783742e-01 1.143121720566142585e-01
8.385730891717428914e-01 1.146093456234957147e-01
8.383713405231951743e-01 1.149111783423089200e-01
8.380929483306981398e-01 1.152051868405053331e-01
8.377339454048582379e-01 1.154859840293336326e-01
8.374225594384310245e-01 1.157775800496610025e-01
8.372076399487268228e-01 1.160713284677241663e-01
8.370195566882864258e-01 1.163673521212224005e-01
8.368641209192736463e-01 1.166662704332953743e-01
8.367157726282623553e-01 1.169654913216815056e-01
8.365964510064763937e-01 1.172648518541858503e-01
8.364156600451021495e-01 1.175608664802418740e-01
8.361598790775572887e-01 1.178472804173355676e-01
8.359289403321943368e-01 1.181351846944586059e-01
8.357723884886936183e-01 1.184334768019892903e-01
8.356726537769115781e-01 1.187300467402298693e-01
8.356367219967938409e-01 1.190324430846780995e-01
8.355169875210617381e-01 1.193301093499055804e-01
8.351961500203997080e-01 1.196058317502886326e-01
8.348829991914987758e-01 1.198818431095620557e-01
8.346962578349059747e-01 1.201723578124230946e-01
8.344842937828528262e-01 1.204577643682300109e-01
8.341142042615059538e-01 1.207244582543072903e-01
8.337890641937004688e-01 1.209946892438625021e-01
8.336115399829725492e-01 1.212824940080539787e-01
8.334864578462115592e-01 1.215710364604246779e-01
8.333780548569094115e-01 1.218617398576395117e-01
8.332328513025963890e-01 1.221415601632094422e-01
8.329419469521487374e-01 1.224109212370259464e-01
8.326291161318185585e-01 1.226746774490304476e-01
8.323661986819057557e-01 1.229422366153187923e-01
8.321495864333946502e-01 1.232109381449743996e-01
8.320373579837777589e-01 1.234918661379367094e-01
8.319662407134633675e-01 1.237705529109577041e-01
8.318366683305620235e-01 1.240395700501367299e-01
8.316749123026068169e-01 1.243050391463279003e-01
8.314694954377910285e-01 1.245691891230801124e-01
8.312591982633803500e-01 1.248258056892515011e-01
8.310662672582928012e-01 1.250837532003732933e-01
8.308838026884134420e-01 1.253417931256854689e-01
8.307010035916985169e-01 1.255963517951637076e-01
8.305266052920208253e-01 1.258539910425718333e-01
8.303810977183784248e-01 1.261113149932985567e-01
8.302412710893621872e-01 1.263680187817244061e-01
8.300945747209517167e-01 1.266233377772965907e-01
8.299249697243008539e-01 1.268736475331763147e-01
8.296854680919760749e-01 1.271223701252580385e-01
8.294409136914049352e-01 1.273670317229143312e-01
8.292849853323710496e-01 1.276196393454102629e-01
8.291900558321491088e-01 1.278783383479260571e-01
8.290686384108750806e-01 1.281331623114436435e-01
8.289499980475001362e-01 1.283882804670325173e-01
8.287973815351863394e-01 1.286390011771327280e-01
8.286276007197063143e-01 1.288879696435640265e-01
8.284238160551179453e-01 1.291331955646262686e-01
8.281805730272631116e-01 1.293712117509032700e-01
8.279807157743391821e-01 1.296147623525230885e-01
8.278019909712753810e-01 1.298608242895536169e-01
8.276362518075904839e-01 1.301039679615234312e-01
8.274673676501563824e-01 1.303506598460724974e-01
8.273367791397643334e-01 1.305958140065548445e-01
8.272330301436386923e-01 1.308398424356843337e-01
8.269753558586894204e-01 1.310719120701719920e-01
8.265826929736714845e-01 1.312855396327034796e-01
8.263699355559704918e-01 1.315176192520222664e-01
8.263647019168454122e-01 1.317727651006724843e-01
8.262556332147483751e-01 1.320132080782912276e-01
8.259884203134619796e-01 1.322339365744734097e-01
8.257139722688128236e-01 1.324569232842256472e-01
8.254745685193565219e-01 1.326790607558617219e-01
8.253677153457551485e-01 1.329129006726005591e-01
8.254880632776946392e-01 1.331675068974336740e-01
8.254543343033355907e-01 1.334112716164705115e-01
8.251607047080951052e-01 1.336218144558589394e-01
8.249159948667206255e-01 1.338368624984728472e-01
8.248123654134935645e-01 1.340689119712016319e-01
8.246855369663874669e-01 1.342940836733445553e-01
8.244620020354922474e-01 1.345052609155588108e-01
8.241968730117200659e-01 1.347156693472658096e-01
8.238970188074193901e-01 1.349210601556416200e-01
8.236870988274191951e-01 1.351280218583095216e-01
8.236370154534881083e-01 1.353580528375350478e-01
8.235981534257879044e-01 1.355841514834016381e-01
8.234717677304803640e-01 1.357979679932073969e-01
8.233107408132013250e-01 1.360096582002861543e-01
8.231514772786935330e-01 1.362186763632239617e-01
8.229508326283222486e-01 1.364231140104345819e-01
8.226963456913485295e-01 1.366202861197160223e-01
8.224574116738782026e-01 1.368177476174091134e-01
8.223515214911488735e-01 1.370251696176933154e-01
8.222555995595621781e-01 1.372331933371117307e-01
8.220267479104428343e-01 1.374304893209046530e-01
8.217848956890477785e-01 1.376214882619603286e-01
8.215829388596395111e-01 1.378150553334904493e-01
8.214265364730005681e-01 1.380100700349772558e-01
8.213234642507600825e-01 1.382169377812722810e-01
8.212506265474429634e-01 1.384186067162008205e-01
8.210789677816668908e-01 1.386098281917007846e-01
8.208783962498475972e-01 1.388010204310731188e-01
8.207512339836352533e-01 1.389918097658641438e-01
8.206373886607531976e-01 1.391889838813733238e-01
8.204944306851885694e-01 1.393766910250146540e-01
8.203184108793674101e-01 1.395631117113181607e-01
8.201429332745421297e-01 1.397458373818050992e-01
8.199788768095529479e-01 1.399274738214203728e-01
8.199110863238945335e-01 1.401222369128268253e-01
8.198892469702319108e-01 1.403148128628043667e-01
8.196936417440466860e-01 1.404903404250859855e-01
8.193832109326916191e-01 1.406554730085725624e-01
8.192007768951518054e-01 1.408273534039390096e-01
8.190836413294293461e-01 1.410055949909921336e-01
8.189555895481462899e-01 1.411836995805635098e-01
8.188326209310012871e-01 1.413595308853860255e-01
8.187028692539870534e-01 1.415304812266113543e-01
8.185657099990287788e-01 1.417008794906793323e-01
8.184436060723677686e-01 1.418726211776929758e-01
8.183477548495079468e-01 1.420461499360940738e-01
8.182477090977053891e-01 1.422159836717072912e-01
8.181286964000319406e-01 1.423834880197039909e-01
8.179640968878348906e-01 1.425425499422802167e-01
8.177358192184935870e-01 1.426934885608863723e-01
8.175690932642731834e-01 1.428550353749817037e-01
8.174821605181268325e-01 1.430181390431812805e-01
8.173713451118910234e-01 1.431785699620276853e-01
8.172257998605431117e-01 1.433337457914305724e-01
8.171182091054710606e-01 1.434898688985655757e-01
8.170208807951860885e-01 1.436528194057252739e-01
8.169799837809035292e-01 1.438134459850787250e-01
8.169977350338419875e-01 1.439788231911971750e-01
8.169174905846400270e-01 1.441334907388197306e-01
8.167142227417220068e-01 1.442755985475943914e-01
8.165037219684033731e-01 1.444145667684238743e-01
8.162718750929069955e-01 1.445475158593525489e-01
8.160841007544586967e-01 1.446905281086803829e-01
8.160169610719341104e-01 1.448385233891382740e-01
8.159441962410057814e-01 1.449839584356949485e-01
8.158378092004580084e-01 1.451259743233001831e-01
8.157337355067350027e-01 1.452677727946510011e-01
8.156530756836877227e-01 1.454102438243080886e-01
8.155852535438873341e-01 1.455493864270229476e-01
8.155207148460920097e-01 1.456937461286325342e-01
8.154308539261811983e-01 1.458281716405922523e-01
8.152499470076159938e-01 1.459531886409098922e-01
8.150946277619379732e-01 1.460788262181307584e-01
8.150174259945872635e-01 1.462167267185457420e-01
8.149662331872534748e-01 1.463481537174789460e-01
8.148779018729749302e-01 1.464778406519086917e-01
8.147671746940927662e-01 1.466057183066090674e-01
8.146168823498877165e-01 1.467250567911851655e-01
8.144856634885696556e-01 1.468434967571867478e-01
8.144003041788570041e-01 1.469686797814823698e-01
8.143130234989375271e-01 1.470906270491694201e-01
8.141173163185461137e-01 1.471992844708816806e-01
8.139221779960803538e-01 1.473097912070842341e-01
8.138776006617610692e-01 1.474300936307183507e-01
8.138602876006576503e-01 1.475520328969455452e-01
8.137330558735695885e-01 1.476654721936803971e-01
8.136100773581620427e-01 1.477740285681278798e-01
8.136030644131940770e-01 1.478931209118640733e-01
8.136013244616173701e-01 1.480145832857991117e-01
8.135159619400820219e-01 1.481213088469128247e-01
8.133804591025549646e-01 1.482233417361230599e-01
8.132529696391754825e-01 1.483276464725162558e-01
8.131533938099851921e-01 1.484298138163180347e-01
8.130878119242626045e-01 1.485312887089355605e-01
8.130273682124131707e-01 1.486394545349453422e-01
8.129580174460194764e-01 1.487398801701854956e-01
8.128674506544723011e-01 1.488401940311237515e-01
8.127739039133418109e-01 1.489349781292378938e-01
8.126815793085565565e-01 1.490289760896676974e-01
8.127017507890965664e-01 1.491367670102488607e-01
8.127916207332609444e-01 1.492446663989988320e-01
8.126416115847652222e-01 1.493326235879731678e-01
8.123556694948264045e-01 1.494003439301266611e-01
8.122922947128504712e-01 1.494929891947752998e-01
8.123929635638551527e-01 1.495980469958549386e-01
8.123629590236657316e-01 1.496912711144586516e-01
8.122459774679258171e-01 1.497707799118027649e-01
8.121440924638463343e-01 1.498539383563797511e-01
8.120801003757174286e-01 1.499354237646293164e-01
8.119841537189097513e-01 1.500112243622291064e-01
8.118519103193655440e-01 1.500875381163821465e-01
8.117843415711756272e-01 1.501636910481153331e-01
8.117525487938420659e-01 1.502471845463254074e-01
8.117108820642343625e-01 1.503235204392828761e-01
8.116441258479462073e-01 1.503958569721876581e-01
8.115753737754671793e-01 1.504705554974403170e-01
8.115375589493432074e-01 1.505419975684995915e-01
8.115150181217536396e-01 1.506144218711913674e-01
8.115256304633746698e-01 1.506936295865964337e-01
8.115056886296957428e-01 1.507625405107839989e-01
8.114356084935330227e-01 1.508294133577447738e-01
8.113292753576932803e-01 1.508871351901465985e-01
8.111577764852142547e-01 1.509361794597914863e-01
8.111070939469334773e-01 1.510017762250633888e-01
8.113215287512101082e-01 1.510883143373209225e-01
8.113955635087585216e-01 1.511630442973251331e-01
8.111809646838998855e-01 1.512013896409716562e-01
8.110070024065141325e-01 1.512445551246159869e-01
8.109532583976211129e-01 1.513013502778675912e-01
8.109307932479357106e-01 1.513550515747956182e-01
8.108547911125555396e-01 1.514076632766215291e-01
8.108411683859927388e-01 1.514602557669163518e-01
8.109305466498547554e-01 1.515259469726677466e-01
8.110028933472774870e-01 1.515843511446476610e-01
8.109153186830451165e-01 1.516289516449991492e-01
8.108220249085718034e-01 1.516718020092058805e-01
8.108379720203435781e-01 1.517198967972805401e-01
8.108356206480498152e-01 1.517682005729887873e-01
8.107652030888042871e-01 1.518051629577494566e-01
8.106833536189838041e-01 1.518434526864527179e-01
8.106972619190609963e-01 1.518851158851779182e-01
8.107085931669403278e-01 1.519298522013393660e-01
8.107113457912338284e-01 1.519719570043370493e-01
8.106950455553976198e-01 1.520066876820846125e-01
8.106076621244031610e-01 1.520329981064087732e-01
8.105162629324681456e-01 1.520610796689246258e-01
8.106011197889503306e-01 1.521015126133512529e-01
8.107297345704506109e-01 1.521454469323694492e-01
8.107065695503796743e-01 1.521758568423526581e-01
8.106420906746136801e-01 1.521969931605038906e-01
8.105756210580546961e-01 1.522175149430188001e-01
8.105281975732273603e-01 1.522364829586183299e-01
8.105387847173345373e-01 1.522611002785365930e-01
8.105739847002083609e-01 1.522867066883942244e-01
8.105530095954194270e-01 1.523053000295562509e-01
8.105123494813728513e-01 1.523166728733446884e-01
8.105034649830987759e-01 1.523334158493415136e-01
8.105128936735557232e-01 1.523500533325564399e-01
8.105493271086487983e-01 1.523655123416979285e-01
8.105916016299781202e-01 1.523833455957673277e-01
8.105808991545493392e-01 1.523897906775356081e-01
8.105397390478910058e-01 1.523924388608072777e-01
8.105445306273050265e-01 1.524027865113973812e-01
8.106045061780758898e-01 1.524117582448216712e-01
8.106310868066907149e-01 1.524173675074306511e-01
8.106325075491421783e-01 1.524191098873273198e-01
8.105971257560516952e-01 1.524154043028622119e-01
8.105293859786300015e-01 1.524071693098572045e-01
8.105434149578574221e-01 1.524058818728965259e-01
8.106334588617080117e-01 1.524105377047172138e-01
8.106738224053061659e-01 1.524089922142828346e-01
8.106680544001629851e-01 1.524014141754776730e-01
8.106966278069950294e-01 1.523956070532271057e-01
8.107469267594569207e-01 1.523948722296754876e-01
8.108015316586426602e-01 1.523891315054054230e-01
8.108477002699001623e-01 1.523812412732458155e-01
8.108532163589068364e-01 1.523687062226430078e-01
8.108298461042232619e-01 1.523512046819640586e-01
8.108313991804939613e-01 1.523349796799692568e-01
8.108450902881089162e-01 1.523222748437700336e-01
8.109225638051325014e-01 1.523109345025716876e-01
8.110331273587340073e-01 1.523042001837989490e-01
8.111204455265843549e-01 1.522906715696653313e-01
8.111240495446809806e-01 1.522719005917109736e-01
8.111557678784144798e-01 1.522506425234905481e-01
8.112101703583248780e-01 1.522333839346802498e-01
8.112336564159765562e-01 1.522122263043084733e-01
8.112038791476743338e-01 1.521811483590454761e-01
8.111958075809121427e-01 1.521545287845319228e-01
8.113052737579558027e-01 1.521370455201378480e-01
8.113885523330433003e-01 1.521161931112923471e-01
8.113938238491031907e-01 1.520863892649406413e-01
8.114153472914683585e-01 1.520565790919418403e-01
8.114849925286317101e-01 1.520337837634246070e-01
8.115308383635361222e-01 1.520047534755246676e-01
8.114591044123870001e-01 1.519620416607512237e-01
8.114076066123849795e-01 1.519231639418368029e-01
8.115169925641257942e-01 1.518960505601286703e-01
8.116504500276450207e-01 1.518689757548050412e-01
8.117189544741728602e-01 1.518383231292536328e-01
8.117662226210754506e-01 1.517997582372670462e-01
8.117315047845774512e-01 1.517530756980793594e-01
8.117026248205989614e-01 1.517088894559374679e-01
8.118094651430166619e-01 1.516732256397564926e-01
8.119444660967686245e-01 1.516381640133448450e-01
8.120343849480835541e-01 1.516013258853175227e-01
8.121200617820835133e-01 1.515596025072288022e-01
8.121910113998060954e-01 1.515146235462088431e-01
8.122182064490159892e-01 1.514685571917460394e-01
8.121758357441912768e-01 1.514102843268147480e-01
8.121235938515072306e-01 1.513507044617617980e-01
8.121905285511008543e-01 1.513009647992943907e-01
8.122999294917939705e-01 1.512533827569576550e-01
8.123066482906005081e-01 1.511982844657508984e-01
8.123096993232756802e-01 1.511383092428616459e-01
8.124319107340222113e-01 1.510882279339820500e-01
8.125941092720558867e-01 1.510401877797266090e-01
8.127333890420980200e-01 1.509886254745722856e-01
8.128384820513220310e-01 1.509338266446492993e-01
8.128641478933401610e-01 1.508692055908915086e-01
8.128318678505621619e-01 1.507986025357004045e-01
8.128916744833798447e-01 1.507361593544626899e-01
8.130111869974502303e-01 1.506770569711424201e-01
8.130979059326595149e-01 1.506137743035297072e-01
8.131666622772940611e-01 1.505504092367780378e-01
8.132389174607089766e-01 1.504828975341890307e-01
8.132951499458050959e-01 1.504129172371078127e-01
8.133458025448734308e-01 1.503404149232120957e-01
8.133710507449142257e-01 1.502665010039421489e-01
8.134213916775796527e-01 1.501914795169579098e-01
8.134829138694641415e-01 1.501179886772400496e-01
8.135672842593234533e-01 1.500453159807120240e-01
8.136985707726206440e-01 1.499734904952253756e-01
8.138342782920011675e-01 1.499051621466336026e-01
8.140071995199671395e-01 1.498360220067227189e-01
8.141061117962771210e-01 1.497589662736601712e-01
8.141140906900493635e-01 1.496723733108355769e-01
8.141218496925550774e-01 1.495886355328343020e-01
8.141488867418061881e-01 1.495012961768797388e-01
8.142424941960978435e-01 1.494186238295681646e-01
8.144036235032662274e-01 1.493417895482051505e-01
8.145414459143452968e-01 1.492627353077453090e-01
8.146635959606937094e-01 1.491797833454971967e-01
8.147355369761243304e-01 1.490915740802363498e-01
8.147359497971472519e-01 1.489955042842149302e-01
8.147501090160679249e-01 1.489019191728413183e-01
8.148085941476418403e-01 1.488083256514231845e-01
8.149191759685469050e-01 1.487180359634015792e-01
8.150987335448900417e-01 1.486327333047512411e-01
8.152531943647884916e-01 1.485432746861774234e-01
8.153221311479732503e-01 1.484495092405061500e-01
8.153932473099118061e-01 1.483508164921095163e-01
8.154829562504031237e-01 1.482541101416552931e-01
8.155516090401043749e-01 1.481523161959103496e-01
8.155494101274084473e-01 1.480473081156469528e-01
8.155814405175201287e-01 1.479419047163524348e-01
8.157340538846695743e-01 1.478453576108716971e-01
8.159049973700222003e-01 1.477489540665931078e-01
8.160844172150866216e-01 1.476519210322277675e-01
8.162119709475623708e-01 1.475516327233996894e-01
8.162764895902278051e-01 1.474423560476678940e-01
8.163150612776302051e-01 1.473320733031575902e-01
8.163302298090363562e-01 1.472163615750934351e-01
8.163538673398981205e-01 1.471022483425385996e-01
8.163797494724251980e-01 1.469866775516478208e-01
8.164713675513832758e-01 1.468759003171809796e-01
8.167577659490420361e-01 1.467792866669599128e-01
8.170645479672206113e-01 1.466813499551160305e-01
8.171620237228116590e-01 1.465671238312933888e-01
8.171812134378397818e-01 1.464467095215692682e-01
8.172957235993182357e-01 1.463310958920810700e-01
8.174329219647202827e-01 1.462189480122359775e-01
8.175839774217906752e-01 1.461036960047850664e-01
8.177188126540194668e-01 1.459860965629701801e-01
8.177332369285948976e-01 1.458616538494204862e-01
8.177179848879297941e-01 1.457296552436600223e-01
8.178116304087639232e-01 1.456074804561706404e-01
8.179850201959804057e-01 1.454881393071068563e-01
8.181912007420084620e-01 1.453725942425373452e-01
8.184035153744673163e-01 1.452562457979498234e-01
8.184594812951048182e-01 1.451263712629243530e-01
8.184232858925241105e-01 1.449876801935927328e-01
8.185296124229631820e-01 1.448607221774397269e-01
8.187312589911296401e-01 1.447388483166695272e-01
8.188924560279227105e-01 1.446121012985096821e-01
8.190275795636153822e-01 1.444841664645890589e-01
8.191220361437792086e-01 1.443497115400119990e-01
8.191852590698299741e-01 1.442118993247225867e-01
8.192612189037404846e-01 1.440767997926621635e-01
8.193579537789981160e-01 1.439420999041058358e-01
8.194564165802035172e-01 1.438033527276781354e-01
8.195877785664859028e-01 1.436679693018225457e-01
8.197615993816755875e-01 1.435356488084967852e-01
8.199883747623116781e-01 1.434060367186569818e-01
8.201747067457749729e-01 1.432712989514146606e-01
8.202774620791316584e-01 1.431300722184578045e-01
8.204307399307916304e-01 1.429914300022173956e-01
8.206449354896503401e-01 1.428552306894391166e-01
8.207968731662373951e-01 1.427174759514776570e-01
8.209018787453784549e-01 1.425706203488699420e-01
8.209790933341649666e-01 1.424249207812091911e-01
8.210363649905734196e-01 1.422723750573423318e-01
8.211501961735865329e-01 1.421271922143240440e-01
8.213495496739579016e-01 1.419864353566699933e-01
8.215186157690161917e-01 1.418393334532287164e-01
8.216528335492133683e-01 1.416921038301197089e-01
8.217608234630766617e-01 1.415413517146280609e-01
8.218275986300030977e-01 1.413868571403804897e-01
8.219053064493567762e-01 1.412314907099606054e-01
8.219838898524455262e-01 1.410756115920973330e-01
8.221341260026087117e-01 1.409276611424581938e-01
8.224704769545954086e-01 1.407879696197947006e-01
8.227060086652051574e-01 1.406401411362747655e-01
8.226455175811178133e-01 1.404730206908206547e-01
8.226865347513366844e-01 1.403088830925298680e-01
8.230382004653862271e-01 1.401698221633411456e-01
8.233936863671920126e-01 1.400291922285705759e-01
8.235720891210693839e-01 1.398716231619002714e-01
8.237152768411565296e-01 1.397141383633555833e-01
8.238767160199205186e-01 1.395566023059910399e-01
8.240118700638161542e-01 1.393963471107413088e-01
8.241129981279419203e-01 1.392325763659427451e-01
8.242074754731115727e-01 1.390674688227797051e-01
8.242780390482172814e-01 1.388993625309171698e-01
8.243704469767471066e-01 1.387357696690793285e-01
8.245101941991453964e-01 1.385704827635888814e-01
8.246743889063323785e-01 1.384097998381272898e-01
8.248159030297141925e-01 1.382425010303041379e-01
8.249720189751115207e-01 1.380790884577632327e-01
8.252025674837086822e-01 1.379158326343977725e-01
8.254131596686714589e-01 1.377539924424989459e-01
8.255191960304402166e-01 1.375841916945309829e-01
8.256013980038411360e-01 1.374114483236027751e-01
8.257586123915431342e-01 1.372387370455804279e-01
8.259376802515261407e-01 1.370706157063840969e-01
8.261005949719680830e-01 1.369002452896654898e-01
8.262872682504756039e-01 1.367348133721769388e-01
8.264765780028683340e-01 1.365642675492384217e-01
8.266770129023554015e-01 1.363933034053267102e-01
8.268606595890478639e-01 1.362202868877210871e-01
8.270233818999642716e-01 1.360490899130967213e-01
8.271913141920341772e-01 1.358729474969415374e-01
8.273557431112795735e-01 1.356999067303940876e-01
8.275782369513868808e-01 1.355252976574478629e-01
8.278151782139474557e-01 1.353547564696136463e-01
8.278687174954434402e-01 1.351717110117436893e-01
8.278199652223244831e-01 1.349809227981353943e-01
8.280163668664577425e-01 1.348050365441880727e-01
8.283939762732448475e-01 1.346389051841456463e-01
8.285644499133976160e-01 1.344593455928203285e-01
8.285718123640840593e-01 1.342683767038676257e-01
8.286833874916758047e-01 1.340831116724604255e-01
8.288916216984466567e-01 1.339031184094358895e-01
8.291009892586201913e-01 1.337220212651631102e-01
8.293150634766814910e-01 1.335443084374292599e-01
8.294754807906764560e-01 1.333582958598447110e-01
8.295412741286046776e-01 1.331698611625616313e-01
8.296576268749600302e-01 1.329793301781574399e-01
8.298334573517978097e-01 1.327962062860200687e-01
8.299736112934499310e-01 1.326087844479089950e-01
8.301002013030671645e-01 1.324158879469725658e-01
8.302429169789119490e-01 1.322280305754057195e-01
8.304093731204762463e-01 1.320405803178561488e-01
8.306221118413599225e-01 1.318551671604927533e-01
8.309070798560422855e-01 1.316728804994734825e-01
8.311307864008533608e-01 1.314849537145163505e-01
8.312851889253124460e-01 1.312931284280136335e-01
8.314051793797978540e-01 1.310980284163500431e-01
8.314595818792567261e-01 1.309035203988087870e-01
8.315881720463021987e-01 1.307076262842148395e-01
8.318809692067139494e-01 1.305251736753853253e-01
8.320745460504503921e-01 1.303315232310800209e-01
8.320251878022124625e-01 1.301272586110578666e-01
8.320804873301688165e-01 1.299235138779696597e-01
8.324209041105126161e-01 1.297393220662536040e-01
8.327429193803795870e-01 1.295543460750786524e-01
8.329050146158953893e-01 1.293541860551008504e-01
8.330270621358668581e-01 1.291559678122120580e-01
8.331060546492499164e-01 1.289548108339616528e-01
8.332371855226435864e-01 1.287554963071972924e-01
8.335018562635344574e-01 1.285628879273288949e-01
8.338109149234338435e-01 1.283718278042112748e-01
8.341358560432968750e-01 1.281862800612930675e-01
8.343927458005135911e-01 1.279906595666415736e-01
8.344068624053952998e-01 1.277809604292080570e-01
8.344089599474117103e-01 1.275696963231328362e-01
8.346112979083769590e-01 1.273741505856061385e-01
8.348917752089176636e-01 1.271763322613188307e-01
8.351390754793432958e-01 1.269816845685083351e-01
8.353617296063360342e-01 1.267846707211800483e-01
8.354743314370314256e-01 1.265759911921016945e-01
8.355809910262848028e-01 1.263727789944150970e-01
8.358309508986131453e-01 1.261752875986097144e-01
8.360921022131847513e-01 1.259774637732356539e-01
8.361661952570914602e-01 1.257689189821952769e-01
8.361821185606947981e-01 1.255562373755363115e-01
8.363446947293839973e-01 1.253511131156840874e-01
8.365827784768437025e-01 1.251490145454006997e-01
8.368007813369600090e-01 1.249452643329553719e-01
8.369941587243692194e-01 1.247390505552656431e-01
8.370897827776692113e-01 1.245274702922955778e-01
8.371472560862593948e-01 1.243185565343136456e-01
8.373494085905910378e-01 1.241114008746528607e-01
8.376300016607943766e-01 1.239124853339056836e-01
8.378518543653329376e-01 1.237045639799662783e-01
8.380459216863731520e-01 1.234998717274504304e-01
8.382614447785173839e-01 1.232900658937096799e-01
8.384871510074293210e-01 1.230861476635603524e-01
8.386982388936712329e-01 1.228805534339236921e-01
8.389023213196196149e-01 1.226737896545157663e-01
8.390267339287881265e-01 1.224623938791597200e-01
8.390867536389323700e-01 1.222474054683374833e-01
8.392273882038890909e-01 1.220358935120309934e-01
8.394235735965545064e-01 1.218259194412959767e-01
8.396482268276035388e-01 1.216172718503459177e-01
8.398893115992949188e-01 1.214085063042258383e-01
8.400967326683789205e-01 1.211979557722519113e-01
8.402691243517603770e-01 1.209843774713254411e-01
8.403968771735647048e-01 1.207743845171450892e-01
8.404997658247086445e-01 1.205566521088448362e-01
8.406653941886326198e-01 1.203467885638014739e-01
8.409485553781439471e-01 1.201364896820429212e-01
8.412453664091096295e-01 1.199290333107853601e-01
8.415895947874006966e-01 1.197203421847019278e-01
8.418664761752049364e-01 1.195134935902754936e-01
8.420449610566211884e-01 1.193014608692757744e-01
8.421613132426006842e-01 1.190860741792677813e-01
8.421767251302677559e-01 1.188598430632216707e-01
8.422494090264025512e-01 1.186415558644785539e-01
8.424372496258580867e-01 1.184280457552562005e-01
8.426645027153432110e-01 1.182159763662135599e-01
8.429132399361123351e-01 1.180096388167743149e-01
8.431651479596146137e-01 1.177974430138104545e-01
8.434015289252349001e-01 1.175843456096281325e-01
8.436205949528231551e-01 1.173694537380832598e-01
8.438139081945310593e-01 1.171529516225619239e-01
8.439913764115321015e-01 1.169412330916402565e-01
8.441939595153289400e-01 1.167236078451923537e-01
8.443451723327125569e-01 1.165106467921695615e-01
8.443855142320637608e-01 1.162856373556268585e-01
8.444387227349688940e-01 1.160667316680322608e-01
8.445868776054598071e-01 1.158457893772780745e-01
8.448142225097066138e-01 1.156330783185067212e-01
8.451670866463790732e-01 1.154260715679698013e-01
8.455288646057828039e-01 1.152184708652262274e-01
8.457832674077844226e-01 1.150060192517134011e-01
8.459646945931098561e-01 1.147898825169319653e-01
8.460911130947359471e-01 1.145711777595881942e-01
8.462016950313632213e-01 1.143517781441633491e-01
8.463209317128779219e-01 1.141319182902984924e-01
8.464774066098510463e-01 1.139130878844636374e-01
8.467049067142452534e-01 1.136971588630459884e-01
8.469587328817651528e-01 1.134770908239611936e-01
8.471792913015913085e-01 1.132598471307379173e-01
8.473753395157699320e-01 1.130477691681010671e-01
8.475230088724118316e-01 1.128265639305807838e-01
8.476298933272030656e-01 1.126102728979479911e-01
8.477505897968692361e-01 1.123884184987035545e-01
8.478742306338294954e-01 1.121717276977619859e-01
8.481232965128241430e-01 1.119531618421570618e-01
8.484221606808736160e-01 1.117423792735360161e-01
8.487138268970548793e-01 1.115305863995266766e-01
8.489921517569264386e-01 1.113129349484179575e-01
8.491995093683651907e-01 1.110975186746183674e-01
8.493538902556836412e-01 1.108800551332221190e-01
8.494335817343702244e-01 1.106602248791313248e-01
8.494689174475303917e-01 1.104379593642761392e-01
8.496162137923811697e-01 1.102191526229819307e-01
8.498529731000592502e-01 1.100042953981664046e-01
8.500807337665456931e-01 1.097874852010696650e-01
8.503170222945095613e-01 1.095732290569467610e-01
8.505633440681708013e-01 1.093570604334248852e-01
8.508012393835140408e-01 1.091410129812217245e-01
8.510327053790530671e-01 1.089231806873126179e-01
8.512353765108671144e-01 1.087119579781564011e-01
8.514347580988993469e-01 1.084877808010616812e-01
8.516111147585796459e-01 1.082752492905462716e-01
8.517579170647274767e-01 1.080537730011539854e-01
8.518821783428210948e-01 1.078381480116670371e-01
8.519776027640845184e-01 1.076102097566392496e-01
8.520379966736447708e-01 1.073921719062318619e-01
8.521868619986514570e-01 1.071765899534700972e-01
8.524496482109789053e-01 1.069656222977733578e-01
8.527082338577098852e-01 1.067480490756913675e-01
8.529842662243360962e-01 1.065294612050985690e-01
8.532183359547694801e-01 1.063168591385424688e-01
8.534404361752303547e-01 1.060971203166460597e-01
8.535926399746099902e-01 1.058807706887553712e-01
8.536552423241299259e-01 1.056682726535056183e-01
8.537637018433965608e-01 1.054459822757110310e-01
8.539918724646810011e-01 1.052308975594646173e-01
8.542537018290732309e-01 1.050180280142596484e-01
8.545735764005076840e-01 1.048052263876746160e-01
8.547891196460244423e-01 1.045917844119179929e-01
8.548585557527609291e-01 1.043721875754293760e-01
8.549484463818521895e-01 1.041596905427531888e-01
8.551284705860996427e-01 1.039428281299061840e-01
8.553264769543332813e-01 1.037274350153873370e-01
8.555517284209683826e-01 1.035123240712117199e-01
8.557436236123918682e-01 1.033028149196921347e-01
8.558246219245798647e-01 1.030824319570593089e-01
8.559145989564360679e-01 1.028695584659338469e-01
8.560961811810214872e-01 1.026591873056877380e-01
8.562945447206695704e-01 1.024432600328931964e-01
8.565239490366571840e-01 1.022348748502919791e-01
8.567469304978264644e-01 1.020246435102735300e-01
8.569351952623354141e-01 1.018075557450131147e-01
8.571065049098247624e-01 1.015908861187179990e-01
8.572352476487717921e-01 1.013860174315739104e-01
8.573743743283088747e-01 1.011735738105356275e-01
8.575171186718364424e-01 1.009629902496926163e-01
8.576934722702581615e-01 1.007520885713847208e-01
8.579320387374412826e-01 1.005427753147597053e-01
8.581837968110088699e-01 1.003396701997074231e-01
8.584004287774077424e-01 1.001246770390826074e-01
8.586118252373238224e-01 9.991476972612482743e-02
8.587971985538925823e-01 9.971138059693694655e-02
8.589631866301518093e-01 9.949964231508526269e-02
8.590927062883421117e-01 9.929373964767845839e-02
8.592101049574090155e-01 9.908324881070215695e-02
8.593394225004428177e-01 9.887747583794863349e-02
8.594789769602971807e-01 9.867254195961568108e-02
8.596246613071151232e-01 9.846149583968313856e-02
8.597613102836884069e-01 9.825663207440914204e-02
8.598991379846502303e-01 9.805330165943586251e-02
8.600277613105817842e-01 9.784806652636419966e-02
8.602120939438281377e-01 9.764549213893131130e-02
8.604354927359162408e-01 9.744282384420750731e-02
8.606832946575716514e-01 9.723526835575438398e-02
8.609182355609628079e-01 9.704051498211561932e-02
8.611356010045202458e-01 9.684379548231022983e-02
8.612995573912717306e-01 9.664208290338140162e-02
8.614570760083646306e-01 9.643846499435734798e-02
8.615949178663990793e-01 9.623498049224855910e-02
8.617204458553775481e-01 9.603263076379951746e-02
8.618332526225453982e-01 9.583460272164139038e-02
8.620237683887297386e-01 9.563410886201192951e-02
8.622913448093397770e-01 9.543464855977035199e-02
8.624794036373055750e-01 9.523939323094469944e-02
8.625961801151740271e-01 9.503733006792583482e-02
8.626382723522340035e-01 9.484014872338507318e-02
8.626052924953850898e-01 9.463435892828066243e-02
8.625996601171931344e-01 9.443737717976538604e-02
8.626268910291853276e-01 9.424647526805396414e-02
8.627042122892700782e-01 9.404462739910242342e-02
8.628127696513187006e-01 9.385054438649209629e-02
8.629684490024314147e-01 9.365676519082696827e-02
8.631895273002520019e-01 9.346456205445366483e-02
8.633931245922796816e-01 9.327309832126325084e-02
8.635344559292331690e-01 9.307413298005400015e-02
8.636692955077029943e-01 9.288161184366484913e-02
8.637959269742019330e-01 9.268891482121534298e-02
8.639498750495759882e-01 9.249682434261970176e-02
8.641554040037380258e-01 9.231179011906009979e-02
8.643166385164400278e-01 9.212078495291320390e-02
8.643840983028332481e-01 9.192851307562689700e-02
8.644130853655199731e-01 9.173555940135519338e-02
8.643757620114681517e-01 9.155007069163852151e-02
8.644661790833264581e-01 9.136547499091247915e-02
8.648454108462722001e-01 9.118007351076075351e-02
8.652168188461519804e-01 9.099423488280973527e-02
8.654473726302379655e-01 9.081222563670357517e-02
8.655410182444636114e-01 9.062440148775695314e-02
8.653607984878259884e-01 9.043617298229020274e-02
8.652161863693401678e-01 9.025143864413569250e-02
8.653013536625866475e-01 9.006918902834037954e-02
8.654718980955773411e-01 8.988830278511726612e-02
8.657071988935293172e-01 8.970425872819016988e-02
8.659533346301393486e-01 8.952620321704919670e-02
8.661915366102674874e-01 8.934771852761234923e-02
8.663989125219483389e-01 8.916928815073592307e-02
8.665378415980284910e-01 8.898372548177578556e-02
8.666115054198731960e-01 8.881286065390284201e-02
8.666194376531639598e-01 8.863213998110724967e-02
8.666528621869805660e-01 8.845392018606421103e-02
8.669345089731834708e-01 8.827970551639061081e-02
8.673142762475185563e-01 8.810559286708109783e-02
8.676155421821087899e-01 8.793156164815757458e-02
8.678500727696235595e-01 8.775701579135455899e-02
8.678063659273957953e-01 8.758570468856531621e-02
8.676660905770618992e-01 8.740718080770257248e-02
8.676576438361639498e-01 8.723148107473119306e-02
8.677349409703751792e-01 8.705699400204167104e-02
8.678644409792106718e-01 8.688918156359591582e-02
8.680524821914927802e-01 8.671062570237046685e-02
8.681972131997294229e-01 8.653885965410548775e-02
8.683173546859032088e-01 8.637201700963408058e-02
8.684303148536168804e-01 8.620116487499059066e-02
8.685066302319691678e-01 8.603602840026944309e-02
8.685466028296466856e-01 8.587073007492707077e-02
8.685636231574549448e-01 8.570033518067368683e-02
8.686784357166080772e-01 8.553601448634987059e-02
8.688721693018762737e-01 8.537423019635741184e-02
8.691270272845698086e-01 8.520758734405940726e-02
8.694014576261547278e-01 8.504110680505123920e-02
8.694862080350790334e-01 8.487880929804116070e-02
8.693969215537684647e-01 8.471628305747441745e-02
8.693428250029715532e-01 8.455510769832358386e-02
8.693186780780000067e-01 8.439489900146669721e-02
8.694595431836236177e-01 8.423549163919004379e-02
8.697894989759800133e-01 8.407258540924432422e-02
8.700449236798331043e-01 8.391678992681989024e-02
8.702331300373619127e-01 8.376077421459411643e-02
8.703515350881811941e-01 8.360426028586762093e-02
8.703901546222189145e-01 8.344876845185883463e-02
8.703990921296217431e-01 8.328360478534672928e-02
8.703619016393261409e-01 8.312796334109147367e-02
8.703161369746907905e-01 8.297804180353698933e-02
8.702746045227629512e-01 8.281553596812832319e-02
8.703098887961719932e-01 8.266338532470712819e-02
8.704183686988705704e-01 8.251677316659818129e-02
8.705776496169124190e-01 8.235884264540231647e-02
8.707619225275162744e-01 8.221528625116057698e-02
8.709993482553889388e-01 8.206652032521349893e-02
8.712818928118549744e-01 8.191491976981463141e-02
8.714977629830447103e-01 8.176814111427704868e-02
8.715818450724602817e-01 8.161795779577293852e-02
8.716064855874867678e-01 8.147649437138571038e-02
8.715580842566839070e-01 8.132926617889134346e-02
8.715142430387669004e-01 8.118027483697705382e-02
8.714978726215384386e-01 8.104042736323037455e-02
8.715108613607889243e-01 8.089097097584706242e-02
8.715423550111277562e-01 8.075397182201625446e-02
8.716158731546281846e-01 8.061165094294715783e-02
8.717737216513301579e-01 8.046666912335971589e-02
8.719183216116557222e-01 8.033214471523279776e-02
8.719644030838686888e-01 8.018910367025851305e-02
8.719268910842123965e-01 8.005358638514444014e-02
8.717555011618410843e-01 7.991953593191331029e-02
8.716034828814723801e-01 7.978021069705258650e-02
8.716383977951772666e-01 7.964838736819621068e-02
8.717580065501963071e-01 7.951920630924166900e-02
8.719563883974909002e-01 7.938173861305590495e-02
8.721460239791889446e-01 7.925307127542265129e-02
8.721548133327914343e-01 7.912767616458277198e-02
8.720779427354777846e-01 7.900066680771808403e-02
8.720102936190732290e-01 7.886446903177855849e-02
8.719575378054428283e-01 7.874151216435895662e-02
8.720528802453584305e-01 7.861707791759753317e-02
8.721923834189905245e-01 7.849916499742143339e-02
8.722986210751734193e-01 7.837518360211349899e-02
8.723796410127681034e-01 7.824818265511274129e-02
8.723736796403477323e-01 7.812653108271215563e-02
8.723368471234144161e-01 7.801033448013174054e-02
8.723556625437417500e-01 7.789489712772570962e-02
8.724043062897957057e-01 7.777791815169753098e-02
8.725011876039481251e-01 7.766339878713479639e-02
8.726158360861275831e-01 7.754243020874206083e-02
8.725616158782475429e-01 7.742965445631867782e-02
8.724024987277294585e-01 7.731478378662427764e-02
8.721994914049892023e-01 7.720433325554401649e-02
8.719692858113767819e-01 7.709299203713983195e-02
8.718809188565068702e-01 7.698638348528466513e-02
8.719327203415387917e-01 7.687767145090999843e-02
8.719894049226168953e-01 7.677257128922714002e-02
8.720760572458672311e-01 7.666854047561481866e-02
8.721250136639137063e-01 7.656279971845539323e-02
8.721405864226030591e-01 7.645101397085558859e-02
8.721652695490857976e-01 7.634989623075308374e-02
8.721793182575819925e-01 7.625090677136234230e-02
8.722120789015475051e-01 7.615024337665506071e-02
8.722444036912067045e-01 7.604158360584253873e-02
8.722572746323604687e-01 7.594399477396716891e-02
8.722531138432130238e-01 7.584080071242695065e-02
8.722253080319972707e-01 7.574451387257941093e-02
8.721833295067974445e-01 7.564835771933192676e-02
8.721195222514391832e-01 7.554859437785908793e-02
8.720451954690695562e-01 7.545670939828322266e-02
8.719611450432416255e-01 7.535756536961704666e-02
8.718586038653666215e-01 7.526583011650749000e-02
8.717574650948667347e-01 7.516980464205541557e-02
8.716415111902495738e-01 7.508305531162141888e-02
8.715340332296792614e-01 7.498514861137028920e-02
8.714240676944360331e-01 7.490098009871405671e-02
8.713190707481784925e-01 7.480906095541767220e-02
8.712286924957465262e-01 7.472525586701750377e-02
8.711552764432184404e-01 7.463565280340325736e-02
8.710987940861081302e-01 7.454604937416782484e-02
8.710334502522235622e-01 7.445692110879194303e-02
8.709846577818534108e-01 7.437947654286962418e-02
8.709387290379466684e-01 7.429086744501424422e-02
8.709065603989245563e-01 7.420530748116463404e-02
8.709147689986794783e-01 7.412162675497561970e-02
8.709997487087265400e-01 7.403999233043670469e-02
8.710757245164121310e-01 7.395898840548359443e-02
8.711093818063836425e-01 7.387814455882370235e-02
8.710901671564522664e-01 7.380227734974083298e-02
8.709951989925853733e-01 7.372357265807047422e-02
8.708370834261753846e-01 7.364621904815418785e-02
8.706709330465057795e-01 7.356007254284988028e-02
8.704720035635802322e-01 7.348435292950425413e-02
8.702204253396054190e-01 7.341348794740495953e-02
8.699727224866894426e-01 7.333901492654561205e-02
8.697998240863860087e-01 7.325724755696866319e-02
8.696953308309374187e-01 7.318867254497581076e-02
8.696956852900722401e-01 7.311060342371943077e-02
8.697279839302152205e-01 7.304298643719010775e-02
8.697085211784791881e-01 7.296800080401807942e-02
8.696610179723274214e-01 7.290167716956390265e-02
8.695570522629257892e-01 7.282989933611987154e-02
8.694275691616171198e-01 7.276709826248173307e-02
8.692827016875956936e-01 7.269708952439817018e-02
8.691201682770071102e-01 7.263647050485226575e-02
8.689364507214569766e-01 7.256640331538356803e-02
8.687291280201864252e-01 7.250025441574606266e-02
8.684731509235540381e-01 7.244368459333673516e-02
8.681676990940624394e-01 7.237800693834450794e-02
8.678274591259543813e-01 7.232477110258703212e-02
8.674589425961741762e-01 7.226356339861358946e-02
8.671276350405144884e-01 7.220178021362019805e-02
8.668153152337146894e-01 7.215206413384772643e-02
8.665312671625677865e-01 7.209378786028647346e-02
8.662681253747006593e-01 7.203456045313476330e-02
8.660322943429374920e-01 7.198717910198400294e-02
