5.202267185455933599e-03 8.813983490922011610e-01
5.191404290318060548e-03 8.813854716963240854e-01
5.178292001957169807e-03 8.813703416417366654e-01
5.163291465279062215e-03 8.813527845356379231e-01
5.148616664298154635e-03 8.813355035277972149e-01
5.135724888158161965e-03 8.813202676251206125e-01
5.126070878491320419e-03 8.813088430072285595e-01
5.118603982153493298e-03 8.813000686793551752e-01
5.112611568977431555e-03 8.812929771761620623e-01
5.087509051639052884e-03 8.812970194398194179e-01
5.056610382480033333e-03 8.813060794572727952e-01
5.019251249927711954e-03 8.813208737312079322e-01
4.975106231985108179e-03 8.813412779443382528e-01
4.923771468138863142e-03 8.813672800886668268e-01
4.865400072549737678e-03 8.813982087974407964e-01
4.800297911352132026e-03 8.814335404198923030e-01
4.729640176054486327e-03 8.814722021007926900e-01
4.654913714156389513e-03 8.815130957420154179e-01
4.574742156868873491e-03 8.815557272845471193e-01
4.489643830944907259e-03 8.815995799481505246e-01
4.399983801477050198e-03 8.816437281886422284e-01
4.306462498350737030e-03 8.816875377333110997e-01
4.209573681236308124e-03 8.817302460299911715e-01
4.110031718937614403e-03 8.817714816941735201e-01
4.008546894512955878e-03 8.818104133692412638e-01
3.905623809603517467e-03 8.818470148173019885e-01
3.802169140989910927e-03 8.818808683211025734e-01
3.698621383367743827e-03 8.819117656029074048e-01
3.595750420505487623e-03 8.819399444887451311e-01
3.493674010335117309e-03 8.819650747156140280e-01
3.392833704232297090e-03 8.819875168455872938e-01
3.293674735895256965e-03 8.820073385914635189e-01
3.196197838415424340e-03 8.820245965697435242e-01
3.100489844249105630e-03 8.820395177440092382e-01
3.006834104740834825e-03 8.820525271156798297e-01
2.914793728995886818e-03 8.820633128608559304e-01
2.824606294836846249e-03 8.820726143162513910e-01
2.736100695850569864e-03 8.820804213685186079e-01
2.649240566018375154e-03 8.820866321453736392e-01
2.563812617217082514e-03 8.820914943366513494e-01
2.479838416806910001e-03 8.820953226289864890e-01
2.397033212346789260e-03 8.820979369903726441e-01
2.315633069823517295e-03 8.820995814335199636e-01
2.235388944775467540e-03 8.821006078272527473e-01
2.156350882428482735e-03 8.821007040562530710e-01
2.078632629265196336e-03 8.821002123175024634e-01
2.002049214135588270e-03 8.820988551367948682e-01
1.926695870091148406e-03 8.820969138022873857e-01
1.852890618559909072e-03 8.820946676003897924e-01
1.780333338381472627e-03 8.820918679028095788e-01
1.709160344398535014e-03 8.820885501576760657e-01
1.639615977317863439e-03 8.820846813860450109e-01
1.571650005865793051e-03 8.820805769421848908e-01
1.505330200007009905e-03 8.820759880265177655e-01
1.440738771217156327e-03 8.820707068599322742e-01
1.377985206110909780e-03 8.820652200408150012e-01
1.316853999705879918e-03 8.820590796789899990e-01
1.257641640474065590e-03 8.820525584723795109e-01
1.200311073741361454e-03 8.820454479990955665e-01
1.144792213563492790e-03 8.820380259264155587e-01
1.091049541054400687e-03 8.820300869749925221e-01
1.039238540966798538e-03 8.820218711640787079e-01
9.893292322481412378e-04 8.820131687918978391e-01
9.411152024776735887e-04 8.820042926189834986e-01
8.947487514219017038e-04 8.819954876659660270e-01
8.501587714707046486e-04 8.819863016159297242e-01
8.072577888049318811e-04 8.819770453493532836e-01
7.659459045633226553e-04 8.819679276488563424e-01
7.264550228474133970e-04 8.819590182588543659e-01
6.883943817791109794e-04 8.819501103964610955e-01
6.520202154091401863e-04 8.819414105308728269e-01
6.171039481041592318e-04 8.819332666800838716e-01
5.835950185447752112e-04 8.819251222404198565e-01
5.515066476588672932e-04 8.819173264437584203e-01
5.208304722248074470e-04 8.819098092327100069e-01
4.913198538817962601e-04 8.819026399218912182e-01
4.631890427330958432e-04 8.818955740632141715e-01
4.363292631445152953e-04 8.818888912081777054e-01
4.106009942659309860e-04 8.818823136126017204e-01
3.858784774186971127e-04 8.818758756457337755e-01
3.624109520867235552e-04 8.818698198563295065e-01
3.399269728628879573e-04 8.818636946688943601e-01
3.185571287863070509e-04 8.818577091149216729e-01
2.981786905123470256e-04 8.818518981216418862e-01
2.787766211065784974e-04 8.818460172162221333e-01
2.602404798416857153e-04 8.818403110017344337e-01
2.428049486368716943e-04 8.818348132396875982e-01
2.261100294376549387e-04 8.818294913886447484e-01
2.103812673924155727e-04 8.818241340886728841e-01
1.955073101271122065e-04 8.818189510121003938e-01
1.814840460453688922e-04 8.818140119975124147e-01
1.681912388832771895e-04 8.818092833523125673e-01
1.557383320318336058e-04 8.818045194290942135e-01
1.440109642086029329e-04 8.817999649474403956e-01
1.331196794686130851e-04 8.817954090731278116e-01
1.228331748789883600e-04 8.817910637296002552e-01
1.131447406123185697e-04 8.817866846326601893e-01
1.041708394660856616e-04 8.817823043353412160e-01
9.579680311692832329e-05 8.817781681705838537e-01
8.801711245938756759e-05 8.817739967594574457e-01
8.071413218657302110e-05 8.817698267768584452e-01
7.388711885286081377e-05 8.817656578054455796e-01
6.765186230489147914e-05 8.817614515657538066e-01
6.177412858756359281e-05 8.817572479313813272e-01
5.637201362279118348e-05 8.817532878063787383e-01
5.132563330419167511e-05 8.817493296177881801e-01
4.675262577142454205e-05 8.817455781151829486e-01
4.241893699106257854e-05 8.817421106038683121e-01
3.843855139461022156e-05 8.817386084498822774e-01
3.481258244723090602e-05 8.817353846845775722e-01
3.142470176955506744e-05 8.817326184845114545e-01
2.838835882364672934e-05 8.817298840386275094e-01
2.547228247493221799e-05 8.817276131175632026e-01
2.290846887018426362e-05 8.817258602872355411e-01
2.057824754047511587e-05 8.817241076990437465e-01
1.836663971808504372e-05 8.817228530083686122e-01
1.638930646597314852e-05 8.817220857500571718e-01
1.464469326730895609e-05 8.817213144890305720e-01
1.301749663690023377e-05 8.817210391618460763e-01
1.162275829344728182e-05 8.817207545294205584e-01
1.022875999289030017e-05 8.817209813904398619e-01
9.067047651553614726e-06 8.817211943050428102e-01
8.021426603069438936e-06 8.817214088249872850e-01
7.092169370318450615e-06 8.817218669635890071e-01
6.279005918641519054e-06 8.817223559488859275e-01
5.581951917060590011e-06 8.817228361911781942e-01
4.884903187780301403e-06 8.817235158870697642e-01
4.303679988697839757e-06 8.817237285816573733e-01
3.838834389249051943e-06 8.817241977444330026e-01
3.373767376499328488e-06 8.817244110422398640e-01
2.908628181958144227e-06 8.817245854082598200e-01
2.559681007888307654e-06 8.817245136309962428e-01
2.210631564808063713e-06 8.817241928249669458e-01
1.861580290624268964e-06 8.817237736325521658e-01
1.628764188408150111e-06 8.817229734032256960e-01
1.395979428340484560e-06 8.817221018474654670e-01
1.163184631284175512e-06 8.817209276253384909e-01
1.046714369826145750e-06 8.817196552911035212e-01
8.139602978360365897e-07 8.817178277038137946e-01
6.975274934783809000e-07 8.817159720768285025e-01
5.811223682320422064e-07 8.817137790011247978e-01
4.647790235604523856e-07 8.817115146094748335e-01
3.484674921628892044e-07 8.817085568527481820e-01
3.483554511678554005e-07 8.817062897886127626e-01
2.321418549733049280e-07 8.817025889175518216e-01
2.320495919122612757e-07 8.816997940727407945e-01
1.159758597543041977e-07 8.816953668378695319e-01
1.159215990008454963e-07 8.816921129658826795e-01
1.158671920634815025e-07 8.816888227628438823e-01
1.158131740548858444e-07 8.816855310894370357e-01
1.157547488805608595e-07 8.816819935640756167e-01
1.156922659942053682e-07 8.816782101362212742e-01
1.156298261003869183e-07 8.816744251888722905e-01
1.155627950094083239e-07 8.816703593689561025e-01
5.228464388976976004e-03 8.093517965300722761e-01
5.646062174385837670e-03 8.084843979048221829e-01
6.090230905672828696e-03 8.076098241652904797e-01
6.549587153951715035e-03 8.067280727719806643e-01
7.006948862316560861e-03 8.058385040882612982e-01
7.441040758500616810e-03 8.049415562546053948e-01
7.831812513707139822e-03 8.040369920182842689e-01
8.157936247834136206e-03 8.031255048318433065e-01
8.386942058974019773e-03 8.022054812119020495e-01
8.485606393777321219e-03 8.012778239353920418e-01
8.408607335029334370e-03 8.003408308315044239e-01
8.138991749953097821e-03 7.993950907111245785e-01
7.723803459146682919e-03 7.984403124600489843e-01
7.302771505502860493e-03 7.974786000785198947e-01
7.058781468482476854e-03 7.965095749352251175e-01
7.115881075134837704e-03 7.955345659833163996e-01
7.461437315208256649e-03 7.945527031064160139e-01
7.984297597266223900e-03 7.935627295569679385e-01
8.544338285760165810e-03 7.925648942542182773e-01
9.100709699127370808e-03 7.915554977037443374e-01
9.722356988204353123e-03 7.905344616431015936e-01
1.047790713175368420e-02 7.895086173024001841e-01
1.133736768432783149e-02 7.884758582504541868e-01
1.229058700197308875e-02 7.874346895257704482e-01
1.327391845414059579e-02 7.863809140307688184e-01
1.416807850257479316e-02 7.853197489221798167e-01
1.498123940694209670e-02 7.842575674780127848e-01
1.571514462307381510e-02 7.831851145573824891e-01
1.662411308142781180e-02 7.821084064447502149e-01
1.746733675644107295e-02 7.810244220697167838e-01
1.827747266869681961e-02 7.799369455622154890e-01
1.905261340292871419e-02 7.788412001560744979e-01
1.977813482136144344e-02 7.777318021702962492e-01
2.046634259516331295e-02 7.766121643123579110e-01
2.112757576311652050e-02 7.754818154067025793e-01
2.176646675900128017e-02 7.743432689044503769e-01
2.237895303666597932e-02 7.731935417935432708e-01
2.297462850542700274e-02 7.720361317859619765e-01
2.354418792108408515e-02 7.708693350691286916e-01
2.410599284415999508e-02 7.696938499402591338e-01
2.465436968651434774e-02 7.685087445600117251e-01
2.519920717851821881e-02 7.673152454506363407e-01
2.574233469726411663e-02 7.661127348870705456e-01
2.628049340527911434e-02 7.649013749810313900e-01
2.681631771221752378e-02 7.636811459946560854e-01
2.734946983873905169e-02 7.624516461577373061e-01
2.787774937362883995e-02 7.612134493708628824e-01
2.839597588788116828e-02 7.599652249817614447e-01
2.888958664429645828e-02 7.587083857369744111e-01
2.934952540866570675e-02 7.574435332875213422e-01
2.977808316012121870e-02 7.561669814266682721e-01
3.016341527168603029e-02 7.548816470753741958e-01
3.048338900583565450e-02 7.535866204001224755e-01
3.074085683204671321e-02 7.522812348601718435e-01
3.092831047027869845e-02 7.509671105061240803e-01
3.103418541970908578e-02 7.496415825087505702e-01
3.106805509869433463e-02 7.483077130649906650e-01
3.101826537588642241e-02 7.469635867600499246e-01
3.089270707101660074e-02 7.456098424518233792e-01
3.070162292171553856e-02 7.442457308252395931e-01
3.045646884765164722e-02 7.428716866508668915e-01
3.014767674060567920e-02 7.414884027959666168e-01
2.979165828285554318e-02 7.400951116792363615e-01
2.936606809211767671e-02 7.386921638566152915e-01
2.888045046696739032e-02 7.372793692080675809e-01
2.831803364076433335e-02 7.358562241629328371e-01
2.768954964348055783e-02 7.344224167328750053e-01
2.704062617920144351e-02 7.329780766806823777e-01
2.642139480638654864e-02 7.315232012489576441e-01
2.594983191137194625e-02 7.300572978464515694e-01
2.587412544950850810e-02 7.285766152307407983e-01
2.684774692678600083e-02 7.270775124612912643e-01
3.009816071406506283e-02 7.255575626548296242e-01
3.764847890577752848e-02 7.240343400211111113e-01
5.266942143159415030e-02 7.225990399546418086e-01
7.132765139109757679e-02 7.212662432318366346e-01
9.078794063920007928e-02 7.199977477252578195e-01
1.037520382870309177e-01 7.186078367543620171e-01
1.098892481606870697e-01 7.170741519684573628e-01
1.131695351761405066e-01 7.155011763346303955e-01
1.157894141053259773e-01 7.139346457680831870e-01
1.181684786846648599e-01 7.123678970467405280e-01
1.201583831075853787e-01 7.107864910966077421e-01
1.218667188150188985e-01 7.091918294020459479e-01
1.236544644223702416e-01 7.075887962064357772e-01
1.253171290501921831e-01 7.059745040268482486e-01
1.269440062281571857e-01 7.043496151263608507e-01
1.285198335715179996e-01 7.027135386684419949e-01
1.301401096166830418e-01 7.010668188492696906e-01
1.317274650641552247e-01 6.994082934818073305e-01
1.333018117390160351e-01 6.977398673662656980e-01
1.348765617225930469e-01 6.960605501450174426e-01
1.364801332305621284e-01 6.943709072782949798e-01
1.380514249562023177e-01 6.926700935065605025e-01
1.396286982739489146e-01 6.909585578826906715e-01
1.412607035488276652e-01 6.892356602695700607e-01
1.428948272738800318e-01 6.875040894640270794e-01
1.445643989632571513e-01 6.857609950248375608e-01
1.463052843497870403e-01 6.840087566633987759e-01
1.480645770589943677e-01 6.822450168531207781e-01
1.498695796404682645e-01 6.804700978035683745e-01
1.516812895066847189e-01 6.786855677926771913e-01
1.534890812716705188e-01 6.768896886262574242e-01
1.552917075627645582e-01 6.750826451868560119e-01
1.571048736408285074e-01 6.732646597831475344e-01
1.589341064364841738e-01 6.714358684562290458e-01
1.608050262979858758e-01 6.695966850822155925e-01
1.627010308494374058e-01 6.677471594204343885e-01
1.646249670249015085e-01 6.658853498035340879e-01
1.665377960024873871e-01 6.640128025383953414e-01
1.684302186845211824e-01 6.621302355936711237e-01
1.702988785055649934e-01 6.602350079262317983e-01
1.721205723297762613e-01 6.583293850370788292e-01
1.739028765975833557e-01 6.564115241874183271e-01
1.756711585132880449e-01 6.544815412755794481e-01
1.774108114888330590e-01 6.525416656965811191e-01
1.791229754332934465e-01 6.505901046431010748e-01
1.808113336722716180e-01 6.486245292121500805e-01
1.825035961543977903e-01 6.466501198230800718e-01
1.841910866619505815e-01 6.446640909700761535e-01
1.858440413248910739e-01 6.426671872700785437e-01
1.875108392729450402e-01 6.406573723175064128e-01
1.891736948956798392e-01 6.386388931489554999e-01
1.908368990654036590e-01 6.366078763623319592e-01
1.925051960127582007e-01 6.345634866369672666e-01
1.942093869285321517e-01 6.325102355113099151e-01
1.959234610583413805e-01 6.304472150421623899e-01
1.976997559121724257e-01 6.283724387342165540e-01
1.995677832999267209e-01 6.262899742332170838e-01
2.015530801921573967e-01 6.241957203746298921e-01
2.036480774167916674e-01 6.220906916269572928e-01
2.058190407684587220e-01 6.199778544427086979e-01
2.080265024423470499e-01 6.178543304593763219e-01
2.102744427180638642e-01 6.157194480211016785e-01
2.125124975646324743e-01 6.135730937124662665e-01
2.146705348328146468e-01 6.114158666436969591e-01
2.167411879601776614e-01 6.092469211263884521e-01
2.187750509484395756e-01 6.070672815259166022e-01
2.207721113711299810e-01 6.048748101886295414e-01
2.227443964409366317e-01 6.026697564134717577e-01
2.247241596241215389e-01 6.004586055817666690e-01
2.267295945388145273e-01 5.982347062045055841e-01
2.288215374757331666e-01 5.960014498765966451e-01
2.310449357266549097e-01 5.937551352515575420e-01
2.333682762746217554e-01 5.915026101696377880e-01
2.357023327099151133e-01 5.892359451270373638e-01
2.380394198502092939e-01 5.869653484688913681e-01
2.403978104785071124e-01 5.846793094336060204e-01
2.427658538786165165e-01 5.823851735371113891e-01
2.451477191543802170e-01 5.800817449504098722e-01
2.475061674039406023e-01 5.777678124986415087e-01
2.498306164135189189e-01 5.754421720087191661e-01
2.521411643604206665e-01 5.731042613751706760e-01
2.544231526562079071e-01 5.707585422142839038e-01
2.566743125634549649e-01 5.684035100800747253e-01
2.589327770029890008e-01 5.660362787007140462e-01
2.611769949036422678e-01 5.636578874683105811e-01
2.634223093152259776e-01 5.612680418971202068e-01
2.656835492532810816e-01 5.588683769292505099e-01
2.679341374592248970e-01 5.564593945956504140e-01
2.702163728762582706e-01 5.540387766042453865e-01
2.724732263612045235e-01 5.516116061461293629e-01
2.747651979124822175e-01 5.491750200134739579e-01
2.770690623908101946e-01 5.467309153157594581e-01
2.793815905563011848e-01 5.442734049692002918e-01
2.817138603790932949e-01 5.418068421278309232e-01
2.840451456189160284e-01 5.393348300549770657e-01
2.863965814872372895e-01 5.368523467963853824e-01
2.887561177404794344e-01 5.343564024256528544e-01
2.911188740128231589e-01 5.318528395765993455e-01
2.934680741582731955e-01 5.293431594500140891e-01
2.958619217360578535e-01 5.268214067400838196e-01
2.982659320990500573e-01 5.242862859607074766e-01
3.006132992313895747e-01 5.217464215557378049e-01
3.030263749904883452e-01 5.192012183027918670e-01
3.054713864362776365e-01 5.166479577423485070e-01
3.078654640105814022e-01 5.140837234932958966e-01
3.103552743380697532e-01 5.115138342022608198e-01
3.127588925571729295e-01 5.089379018048709735e-01
3.152265986720575452e-01 5.063551808770636598e-01
3.176802922755237457e-01 5.037587967688433865e-01
3.201342799898333480e-01 5.011564626920460563e-01
3.225735998137805316e-01 4.985441016375632417e-01
3.251223029636673978e-01 4.959196114915923603e-01
3.275792195173986565e-01 4.932946119205540714e-01
3.301000415591058279e-01 4.906659895548847183e-01
3.325487606879691249e-01 4.880298318634618826e-01
3.351346757676820221e-01 4.853785324860605543e-01
3.376482785232397532e-01 4.827268494577664493e-01
3.402542905501227399e-01 4.800675388017395240e-01
3.428061673728965975e-01 4.774044954805645169e-01
3.453303840099340993e-01 4.747333329081175335e-01
3.479399463956993621e-01 4.720568408647637937e-01
3.505150177481538565e-01 4.693759004168266413e-01
3.531285438143930144e-01 4.666888670065824640e-01
3.557223594558980850e-01 4.639927361127564875e-01
3.583386979440827957e-01 4.612917565214583737e-01
3.609481953415288880e-01 4.585875006290284772e-01
3.635772524062036992e-01 4.558737341000532739e-01
3.662221286686888622e-01 4.531552548844268724e-01
3.688362605189298704e-01 4.504337683111411250e-01
3.715138546185994262e-01 4.476982102409065578e-01
3.741329477026212880e-01 4.449709000961660221e-01
3.768169911089719881e-01 4.422299096926832207e-01
3.794744587649717116e-01 4.394854722400747815e-01
3.821459608177582568e-01 4.367398505689480959e-01
3.848214766681250509e-01 4.339862812988246055e-01
3.875026745987843468e-01 4.312260781501006668e-01
3.901640735547126648e-01 4.284657034875815063e-01
3.928758017070387853e-01 4.257027230031507625e-01
3.955519841691502725e-01 4.229337039349270189e-01
3.982674560364226624e-01 4.201687681384339013e-01
4.009929586925717326e-01 4.173968773160418588e-01
4.036852603939854456e-01 4.146229834177497242e-01
4.063973180261629126e-01 4.118475068961488517e-01
4.091715098802499728e-01 4.090657256664850250e-01
4.119013593469441625e-01 4.062807855590964135e-01
4.146385607940812346e-01 4.034976060646019991e-01
4.173569467730634530e-01 4.007117209837610106e-01
4.201383948049197126e-01 3.979151190296958407e-01
4.228967124350100915e-01 3.951263948914333635e-01
4.256668039094794187e-01 3.923332207413567918e-01
4.284394360810004909e-01 3.895380862071790573e-01
4.311972008524649902e-01 3.867421440576041536e-01
4.339673944956708995e-01 3.839478429369417301e-01
4.367443521512259785e-01 3.811527808153414854e-01
4.395162809734429188e-01 3.783555599073818998e-01
4.422756354181016647e-01 3.755696975001113214e-01
4.450242937420699763e-01 3.727780158826738410e-01
4.478322260067980620e-01 3.699767838655869667e-01
4.506272007513133504e-01 3.671823683796535676e-01
4.534063601844053326e-01 3.643828740079812500e-01
4.562079482267645814e-01 3.615938514159778294e-01
4.590053109352577043e-01 3.587937408483198309e-01
4.618198514912547070e-01 3.560060977215384614e-01
4.645977023038837528e-01 3.532209120485947929e-01
4.674283070863860523e-01 3.504362197032294124e-01
4.701697496666871201e-01 3.476572765727839465e-01
4.729880896336365326e-01 3.448697238682879584e-01
4.757887130220667671e-01 3.420852387350026835e-01
4.785590303338863594e-01 3.393067651377534855e-01
4.813666492128921282e-01 3.365280844948450589e-01
4.841379328469506693e-01 3.337543473067640099e-01
4.869109279330781082e-01 3.309843212105895160e-01
4.897489204429216203e-01 3.282225094038843660e-01
4.925476853903026919e-01 3.254667640136914564e-01
4.953110254404924917e-01 3.227036914154143288e-01
4.981098131048858346e-01 3.199578422468163375e-01
5.009123730782762962e-01 3.172092118722915077e-01
5.036980187956761057e-01 3.144682985291164523e-01
5.064810547996972945e-01 3.117323511265517877e-01
5.093014459943141503e-01 3.089951445198609314e-01
5.120754807106830953e-01 3.062661658743673354e-01
5.148681570476359992e-01 3.035433160349797488e-01
5.176146450351694073e-01 3.008294598914820761e-01
5.203865642784241130e-01 2.981151223815275975e-01
5.231189677218922585e-01 2.954166068744901175e-01
5.259235457681172843e-01 2.927166508598272321e-01
5.286786664016561721e-01 2.900342891614148266e-01
5.314697015038892802e-01 2.873458643533395307e-01
5.342130080458166175e-01 2.846743402518527866e-01
5.369764386367179565e-01 2.820058433724100255e-01
5.396886293432069381e-01 2.793471095500556500e-01
5.424235836800996857e-01 2.766921732122123445e-01
5.451698862025212700e-01 2.740466779546015808e-01
5.479045534623406821e-01 2.714118194369592452e-01
5.506203658837663939e-01 2.687798325939324551e-01
5.533240206458912569e-01 2.661629464906092868e-01
5.560443706857788326e-01 2.635629676406939237e-01
5.587411081792142964e-01 2.609607177946209888e-01
5.614661032908767613e-01 2.583766205708802888e-01
5.641455626176736793e-01 2.558076635509608510e-01
5.668009208182055447e-01 2.532449637007954668e-01
5.694642543446920557e-01 2.506806354450235030e-01
5.721167459683714762e-01 2.481459134229740682e-01
5.747408222602404804e-01 2.456083832388297195e-01
5.773616818661844174e-01 2.430874841648271167e-01
5.799586571729338225e-01 2.405642953332770562e-01
5.825715256010837173e-01 2.380576174927102051e-01
5.852050319506525433e-01 2.355607539794816185e-01
5.877838746304060447e-01 2.330697185478671218e-01
5.903091319205002740e-01 2.305937392429044663e-01
5.928848651153780791e-01 2.281230155073563082e-01
5.953942933960800765e-01 2.256715618366071374e-01
5.978960107751984943e-01 2.232230175391708427e-01
6.003563854860172189e-01 2.207981635530129050e-01
6.027941151270209685e-01 2.183834193244155453e-01
6.051838765047728996e-01 2.159804546131209313e-01
6.074854671068135037e-01 2.135832594181567012e-01
6.097795225973959843e-01 2.112106046383277203e-01
6.120437963612154197e-01 2.088397879184965000e-01
6.142191687431165503e-01 2.064850898680207769e-01
6.164321806362049738e-01 2.041449001787194184e-01
6.186867308224233142e-01 2.018306939952180801e-01
6.209601315049492198e-01 1.995271157058630118e-01
6.233906703465140753e-01 1.972438643113474943e-01
6.259521231059014257e-01 1.949808618186018305e-01
6.288386150132039276e-01 1.927249662115918527e-01
6.317397044743660040e-01 1.904987753419750407e-01
6.346503809196227808e-01 1.882932336956588681e-01
6.376593558202400258e-01 1.860962611225104313e-01
6.406848355555098129e-01 1.839167813970444543e-01
6.435430491590681257e-01 1.817530543533869281e-01
6.461821650603185585e-01 1.796178723815066713e-01
6.487923723671160658e-01 1.774701842109723537e-01
6.513912982909110250e-01 1.753533595680262236e-01
6.538891439307310538e-01 1.732405638648554236e-01
6.561025099066303268e-01 1.711603907794093105e-01
6.584287904234986666e-01 1.690858457899646616e-01
6.607798942133880082e-01 1.670181838077658132e-01
6.630447551729309330e-01 1.649757427619034378e-01
6.654758423802880074e-01 1.629491319545272876e-01
6.678306479413564922e-01 1.609411528486471288e-01
6.702082987601735153e-01 1.589483674581630146e-01
6.725103840353570117e-01 1.569797900255756329e-01
6.747105902696268753e-01 1.550196654106562044e-01
6.769440996774120922e-01 1.530851639082831117e-01
6.791477603775900596e-01 1.511588141617396241e-01
6.813709535628554859e-01 1.492459027251531456e-01
6.835634229681045726e-01 1.473580057773395402e-01
6.857653688632444622e-01 1.454856037860216278e-01
6.879567524809011569e-01 1.436135060937649699e-01
6.901424620841246638e-01 1.417729814770243568e-01
6.922741670948904247e-01 1.399588915185838722e-01
6.943954860906462745e-01 1.381526906588014803e-01
6.965230350017198591e-01 1.363744040189916185e-01
6.985902833151806934e-01 1.346130115738916333e-01
7.007134543351460909e-01 1.328591978675473795e-01
7.028160087716123217e-01 1.311389458608977765e-01
7.048402452763232739e-01 1.294301892834821277e-01
7.068657456605705880e-01 1.277470733760786847e-01
7.088853526425905605e-01 1.260707772798084769e-01
7.109296867678670528e-01 1.244218338622881392e-01
7.128950885959073336e-01 1.227754719248096843e-01
7.148932714550323420e-01 1.211684119495846645e-01
7.168975924694797053e-01 1.195649259041473428e-01
7.189292986202648894e-01 1.179777357227410478e-01
7.208251304391694037e-01 1.164197450729124589e-01
7.226502385748124757e-01 1.148750121167087662e-01
7.245088399378603050e-01 1.133604713784488738e-01
7.264375960835179891e-01 1.118493955400858136e-01
7.282869606647813798e-01 1.103639791183328167e-01
7.301015136717774467e-01 1.088921128233981961e-01
7.319185582935369139e-01 1.074439235421327521e-01
7.337521040668518735e-01 1.060141339153744394e-01
7.355416026604201241e-01 1.045975628489095588e-01
7.372874831022537823e-01 1.032041262674058546e-01
7.390359551590925946e-01 1.018179145564152843e-01
7.407637001339768545e-01 1.004719333390421271e-01
7.424734644162259700e-01 9.912675070225204776e-02
7.441909683092237104e-01 9.780503273251898999e-02
7.458667550784463529e-01 9.650639626824596140e-02
7.475106099092488909e-01 9.522213349500591173e-02
7.491509180316456851e-01 9.395762843467221626e-02
7.507691102114614212e-01 9.271500316609651571e-02
7.524241376691900296e-01 9.148686253328802698e-02
7.541310426753398133e-01 9.027540005361675557e-02
7.557699326663411821e-01 8.908400666753454877e-02
7.573184084759748691e-01 8.791861360647297563e-02
7.588581429238866471e-01 8.676498275839725216e-02
7.604030291406388420e-01 8.563504264347786277e-02
7.619421122202757468e-01 8.451888523793769925e-02
7.634709306356352032e-01 8.342185038968703836e-02
7.649895140849894970e-01 8.234389419552609612e-02
7.665244636165450265e-01 8.127963578649523291e-02
7.680088105784671493e-01 8.023886501732396814e-02
7.694274022131006863e-01 7.921072188076318243e-02
7.708158523694371711e-01 7.819601061155105615e-02
7.722315483673538594e-01 7.720474431932609904e-02
7.736281520762480213e-01 7.622548754981173236e-02
7.750006229097088362e-01 7.527239837748583851e-02
7.763867394031797042e-01 7.432478784452153930e-02
7.777928776573649339e-01 7.340649270164904816e-02
7.791836644919987176e-01 7.249604879288119863e-02
7.805271737631843676e-01 7.160978022069712512e-02
7.818138119414630438e-01 7.074710418484683738e-02
7.830611048926445772e-01 6.989625072419933249e-02
7.842933852130878902e-01 6.906355077640945195e-02
7.855691522873249344e-01 6.825055424407390492e-02
7.868394939236912355e-01 6.744224477107803317e-02
7.880516759008111549e-01 6.665267348439825323e-02
7.892473437655822543e-01 6.588835726015337957e-02
7.904302187671909952e-01 6.513393057031331701e-02
7.916015654654432465e-01 6.440475677286303102e-02
7.927322506471562447e-01 6.367984116454995791e-02
7.938403606560976433e-01 6.298107221628714003e-02
7.949571302473600332e-01 6.229901212159479063e-02
7.960755459721751137e-01 6.163309620793441107e-02
7.972152618936912960e-01 6.098120786507130880e-02
7.983333426859904325e-01 6.034893415629771773e-02
7.994146114970894779e-01 5.973028550845268375e-02
8.004611290020700043e-01 5.912854232669041005e-02
8.014696123696549712e-01 5.853309019739955793e-02
8.024398577666473908e-01 5.795540187422486972e-02
8.033658020250413756e-01 5.739054976541625719e-02
8.042742325068729103e-01 5.684839292256627791e-02
8.053101540413329928e-01 5.632193883855621253e-02
8.063952392704050176e-01 5.581331284827600187e-02
8.073496010619960472e-01 5.531640002158499242e-02
8.082158754891849428e-01 5.483488035980751268e-02
8.091286995095267054e-01 5.437346942789762078e-02
8.100432630031894066e-01 5.392251865599718280e-02
8.109040125048080361e-01 5.348297577769971917e-02
8.117036218077319232e-01 5.305980845182110828e-02
8.126176566567674397e-01 5.264828813356081660e-02
8.136071405782361321e-01 5.225449374342961556e-02
8.144367951577421438e-01 5.187146758078708952e-02
8.151208480071083784e-01 5.150281806301442583e-02
8.158729032418046145e-01 5.114557815833622317e-02
8.166734924847568466e-01 5.080961731241426943e-02
8.174560901335947705e-01 5.048266129602219793e-02
8.182314245902282401e-01 5.017237367062360454e-02
8.189698945440064826e-01 4.987714598806589766e-02
8.197083334783286102e-01 4.958532901400346943e-02
8.204246061722576533e-01 4.931493251549715767e-02
8.211354920201298091e-01 4.905639474669359207e-02
8.218411908637381913e-01 4.880428858641514683e-02
8.225635955131581634e-01 4.857107658615917450e-02
8.232710715703266402e-01 4.834346692199783385e-02
8.239672766559396067e-01 4.813386655520861257e-02
8.246314655433193419e-01 4.793639591377839293e-02
8.252696665493507444e-01 4.775001033481690582e-02
8.258673026470292333e-01 4.757360521788690094e-02
8.264043908611303779e-01 4.740818239755143632e-02
8.269704353174891498e-01 4.725455314860824152e-02
8.275680462679207983e-01 4.711294176665044298e-02
8.281940861548015009e-01 4.697832400812706338e-02
8.288803812155280948e-01 4.685643590515891493e-02
8.294839569434433457e-01 4.674913642092359128e-02
8.299040897209800649e-01 4.664216239018752902e-02
8.303253295944483803e-01 4.654544175005683598e-02
8.308461830201012699e-01 4.646181614367533158e-02
8.313744100500847223e-01 4.639058903752014268e-02
8.319094887096358804e-01 4.633415305836172116e-02
8.324177478361129978e-01 4.628173794546822789e-02
8.328865440069405102e-01 4.623470938459301599e-02
8.333565272350809128e-01 4.620541061058176802e-02
8.338046089859175725e-01 4.617766013690741828e-02
8.342531695425138283e-01 4.616335472963627173e-02
8.347004779710962552e-01 4.615900758578922458e-02
8.351491593073443465e-01 4.616446219340433060e-02
8.355730252798277968e-01 4.617396215316257185e-02
8.359698251803641122e-01 4.619224926025078393e-02
8.363444565904009087e-01 4.622222732890320096e-02
8.367182514919220271e-01 4.626140546785759144e-02
8.371196497878998777e-01 4.630618133059122982e-02
8.375245438020498812e-01 4.636381558804213154e-02
8.378913518023154428e-01 4.642506071258296202e-02
8.382474606213337065e-01 4.649460605294361559e-02
8.385938874046872105e-01 4.657177855876439010e-02
8.389234326164437539e-01 4.665764960393610494e-02
8.392084252933466049e-01 4.674813707303105553e-02
8.394848165254147343e-01 4.684726745984077456e-02
8.398055382932654300e-01 4.695635703034543862e-02
8.401352083534300297e-01 4.707315688493331901e-02
8.404309822761544257e-01 4.719209346508251857e-02
8.406993548906465108e-01 4.732172676702635361e-02
8.409502112032940513e-01 4.745811696701858484e-02
8.411853922790347715e-01 4.759978096953158128e-02
8.414045841585465757e-01 4.774671069600819329e-02
8.416137817656018649e-01 4.790092708766085366e-02
8.418412334404572483e-01 4.806393535481904428e-02
8.420801133581464759e-01 4.823454923637236769e-02
8.423189110591723372e-01 4.841091092073285945e-02
8.425578174162191569e-01 4.859505726244534723e-02
8.427263754243987659e-01 4.878392324588105150e-02
8.428360088680064699e-01 4.897247170628129392e-02
8.430113408344358517e-01 4.917129126313812132e-02
8.432479493239566359e-01 4.937960075655308673e-02
8.434579261635689607e-01 4.959479929408746463e-02
8.436199692470490730e-01 4.980968246529175747e-02
8.437728067233933871e-01 5.003285132669244017e-02
8.439036521281533254e-01 5.025918923747964284e-02
8.440434097983867678e-01 5.049243089310312405e-02
8.441999419549123251e-01 5.073282481117136894e-02
8.443429037273069149e-01 5.097623803397926395e-02
8.445071246662445574e-01 5.122548685888794751e-02
8.446122927794138535e-01 5.147837425731344174e-02
8.446338814070488699e-01 5.173045942863418317e-02
8.447188067087979535e-01 5.199000426099801425e-02
8.448880055346017492e-01 5.225602083558091721e-02
8.450253709683869241e-01 5.252419874430894892e-02
8.451421515326777989e-01 5.279622948425083395e-02
8.451784618057599507e-01 5.306267747896546011e-02
8.451688653709010790e-01 5.333157365364189773e-02
8.449850114525931932e-01 5.359405338615313291e-02
8.445300644356416031e-01 5.384378250896980356e-02
8.441805177062214893e-01 5.410299413429857374e-02
8.440885689806508774e-01 5.438045145362083166e-02
8.441204858545022782e-01 5.467199801816328281e-02
8.442851701737329462e-01 5.497738002411747815e-02
8.444339474129498591e-01 5.528476756076058929e-02
8.444972829773972345e-01 5.559352352750237397e-02
8.445560337514911309e-01 5.590417753988006361e-02
8.446960301371688740e-01 5.622507578783839804e-02
8.448121658179034155e-01 5.654721497186488560e-02
8.448288664943612858e-01 5.686696959197618667e-02
8.448553727118728318e-01 5.719193681514362498e-02
8.449334727108419596e-01 5.752071039062710278e-02
8.450416886471739941e-01 5.785371429185896808e-02
8.451811141336000865e-01 5.819145606809190269e-02
8.452627937442931394e-01 5.852890795250153405e-02
8.451687318965886986e-01 5.885572609997582333e-02
8.450377986795898355e-01 5.918329242730941547e-02
8.449699825732246428e-01 5.951583335681939757e-02
8.449631142973471620e-01 5.985535602857169901e-02
8.450705091258056134e-01 6.020565878516272867e-02
8.452040256704210774e-01 6.055797887578503319e-02
8.452818516065763177e-01 6.090739366333835364e-02
8.453103099803642717e-01 6.125860123142039954e-02
8.452948953229221241e-01 6.160453354347186078e-02
8.452482169255742805e-01 6.195336848862410123e-02
8.452022685783974199e-01 6.229954423040700434e-02
8.451574657744757024e-01 6.265096418598717354e-02
8.451049272870471141e-01 6.300164485386579305e-02
8.450401243373225624e-01 6.335363640940325225e-02
8.450411799449278893e-01 6.370998767236238369e-02
8.450753532068201457e-01 6.407083678403269200e-02
8.450458406475876982e-01 6.442664286624100178e-02
8.449781298602695445e-01 6.478166329898231435e-02
8.449794635441737478e-01 6.514352563333222768e-02
8.450196094830001448e-01 6.550749390741526790e-02
8.449300105142706352e-01 6.586111213713563561e-02
8.447511576165986913e-01 6.621248240771331062e-02
8.446215289291213457e-01 6.656644537908479320e-02
8.445260365230571331e-01 6.692174041579310173e-02
8.445482909937843674e-01 6.728700785494569347e-02
8.446709125519513695e-01 6.766167274971243706e-02
8.446561029981241031e-01 6.802719788090917652e-02
8.444995315547776382e-01 6.838064303195991178e-02
8.443620273850561686e-01 6.873396162371286922e-02
8.442104361225513109e-01 6.908791379410481048e-02
8.441968179925013471e-01 6.945268158924743085e-02
8.443120383968762965e-01 6.982550881042424995e-02
8.442853044677104402e-01 7.019189004399020715e-02
8.441125844594428163e-01 7.054207748953750245e-02
8.440097459779642985e-01 7.089842190631147345e-02
8.439870613437729929e-01 7.126215310315417439e-02
8.438892238974879945e-01 7.162100711981556067e-02
8.436939296823093848e-01 7.196955663254642199e-02
8.435407169250304094e-01 7.232257143290794776e-02
8.434477931191315392e-01 7.267816271136182116e-02
8.433538157311099015e-01 7.303384441339502708e-02
8.432585365039786396e-01 7.338921321023958444e-02
8.431527976655308620e-01 7.374208327582683353e-02
8.430485328448795723e-01 7.409544511445473325e-02
8.429159136345886205e-01 7.444411913645818113e-02
8.427387944913696805e-01 7.479235492840377586e-02
8.425899210773277748e-01 7.513621799020508973e-02
8.424801962445783721e-01 7.548709299368643044e-02
8.423805360681613230e-01 7.583494930046651150e-02
8.422623989091233554e-01 7.618237988270881722e-02
8.421620127918697518e-01 7.652726964287015488e-02
8.421218852081557849e-01 7.687689410661009692e-02
8.420456610436930500e-01 7.722431396184252506e-02
8.419087986754786312e-01 7.756303102975524444e-02
8.417461639785062122e-01 7.789942326828713792e-02
8.415654471459744768e-01 7.823397008346903714e-02
8.414051782691643888e-01 7.856795657576956526e-02
8.413535311433145703e-01 7.890913168728477811e-02
8.412762059062245390e-01 7.924876756613993822e-02
8.411131688070164758e-01 7.957865838084991761e-02
8.409501642119219245e-01 7.990664970327636396e-02
8.408733915194860353e-01 8.023925332668070676e-02
8.408039832861757823e-01 8.057204106076135131e-02
8.406335530734062589e-01 8.089585664055730374e-02
8.404708546303901739e-01 8.121845695179548408e-02
8.404628081620004743e-01 8.155072541910469985e-02
8.404797496889088171e-01 8.188477899898240209e-02
8.403630788775059424e-01 8.220700839125759385e-02
8.401843277300620194e-01 8.251931516921803822e-02
8.399878210545334012e-01 8.283055519589309357e-02
8.397769917322669420e-01 8.313711448188722264e-02
8.395492932993430246e-01 8.343957660814575739e-02
8.393138926639114317e-01 8.374201534478982467e-02
8.392300446739122677e-01 8.405556227054399032e-02
8.392178859115321243e-01 8.437077903514103583e-02
8.390524952976339268e-01 8.467154898816633968e-02
8.387988643073767125e-01 8.496630106013827732e-02
8.386851872497728122e-01 8.526729336771762813e-02
8.386248509595147782e-01 8.557117555406391907e-02
8.384592285186108773e-01 8.586541607705462653e-02
8.382218505810822284e-01 8.614970844834024533e-02
8.380072396133898538e-01 8.643615919764557898e-02
8.378189118551411241e-01 8.672175775305582257e-02
8.377451670936305606e-01 8.701247041594385723e-02
8.377574076669727088e-01 8.730891433488198461e-02
8.376393655621257039e-01 8.759447657968394418e-02
8.374569544867001003e-01 8.787196840882363635e-02
8.373236514073404413e-01 8.814943121729007514e-02
8.372463787737033369e-01 8.842993490810473201e-02
8.371001961887437615e-01 8.870048232659362430e-02
8.368940329004447287e-01 8.896704796357518541e-02
8.367395553562340105e-01 8.923368566141848257e-02
8.366319102618549053e-01 8.949963846922794064e-02
8.364893470815382148e-01 8.976394058911069118e-02
8.362981011451943170e-01 9.001976519242950447e-02
8.361480385600067455e-01 9.027727172580651827e-02
8.360441888096004082e-01 9.053580300492382327e-02
8.359243679021433060e-01 9.078962755766185888e-02
8.357779828706651815e-01 9.103946975322022017e-02
8.356854282594354810e-01 9.129177664888762922e-02
8.356471367380008397e-01 9.154404384591126320e-02
8.355999242099936275e-01 9.179392696784618999e-02
8.354937304677985122e-01 9.203681510650578435e-02
8.354392746103833645e-01 9.227973197773739478e-02
8.354835717800388473e-01 9.253062795528671503e-02
8.354144404674368474e-01 9.276613081010227913e-02
8.351352927902165879e-01 9.298468673580712052e-02
8.349431689963656700e-01 9.320616722319187419e-02
8.349807895100612720e-01 9.344383325397154216e-02
8.349870577103724045e-01 9.367691881872335091e-02
8.348164636783551584e-01 9.389384232644734651e-02
8.346981565695968941e-01 9.410902064030192415e-02
8.347265568847820338e-01 9.433514546394405897e-02
8.347213388985259552e-01 9.455437232966969197e-02
8.345470683493750874e-01 9.475866536018996700e-02
8.343994471666413837e-01 9.496102204500839195e-02
8.344338441152040486e-01 9.517644309618872311e-02
8.344800823465436945e-01 9.538773043794396278e-02
8.343972414350306899e-01 9.558825199416182139e-02
8.343061173085399851e-01 9.578369221900666364e-02
8.343144465192572357e-01 9.598302743527412084e-02
8.343141395834082763e-01 9.618127528105108182e-02
8.341600108776332512e-01 9.636300784378143414e-02
8.340173571267343045e-01 9.654339031486044997e-02
8.340219662806580558e-01 9.673303137348168712e-02
8.340785636802016123e-01 9.692232805745824853e-02
8.340613803484766553e-01 9.710368155020120129e-02
8.340355624336668328e-01 9.728307453028338381e-02
8.341322480000724626e-01 9.746815755912120738e-02
8.342381447320182941e-01 9.765102157160784890e-02
8.341925660253889374e-01 9.781846125904705702e-02
8.340806859912308635e-01 9.797935887253234055e-02
8.339780456341495674e-01 9.813865466623629408e-02
8.339023757970323025e-01 9.829481292778699530e-02
8.339061622926831063e-01 9.845580799069947320e-02
8.339547000775987540e-01 9.861732082427755730e-02
8.339193991434957764e-01 9.876905578634212479e-02
8.338430655752304688e-01 9.891448434012975466e-02
8.338036647448753280e-01 9.905941221150417475e-02
8.337987553668166907e-01 9.920456865838545024e-02
8.338635633009746639e-01 9.935313899660874748e-02
8.339829766746911233e-01 9.950096420136682329e-02
8.339581303972638526e-01 9.963536130952448111e-02
8.338496074241753542e-01 9.976104358119017301e-02
8.338709881035827332e-01 9.989252949370243384e-02
8.339977543111752878e-01 1.000303887644555384e-01
8.340660162367758979e-01 1.001606479658110893e-01
8.341106891187887173e-01 1.002860661351782090e-01
8.341216335662943182e-01 1.004050584050354272e-01
8.340997088595369924e-01 1.005209515194998571e-01
8.341421549457597173e-01 1.006370326820622552e-01
8.342273054971157675e-01 1.007539643301252896e-01
8.342812242063813999e-01 1.008656637759534624e-01
8.342864160594019030e-01 1.009705722733681005e-01
8.343084176011044129e-01 1.010735014191120051e-01
8.343505172083025556e-01 1.011756668999016506e-01
8.343161981306655983e-01 1.012695637679381505e-01
8.341969885295298370e-01 1.013535904297821616e-01
8.341338306938455016e-01 1.014402245469633451e-01
8.341650084367335793e-01 1.015296456107803585e-01
8.342260693084050382e-01 1.016178091992790133e-01
8.343217805369577134e-01 1.017064985189883447e-01
8.344269566721549403e-01 1.017926721515155369e-01
8.345617027175125102e-01 1.018778046937267312e-01
8.346381685004324869e-01 1.019564501012331231e-01
8.346377570592053985e-01 1.020267644987540995e-01
8.346643710304992858e-01 1.020958634337778143e-01
8.347724214268514853e-01 1.021683457262663325e-01
8.349341667559636582e-01 1.022412135164246644e-01
8.351638514748445097e-01 1.023154206737073857e-01
8.353126469605225424e-01 1.023820514034436829e-01
8.352551453488947786e-01 1.024309999577836389e-01
8.352071836132054505e-01 1.024779674169520177e-01
8.352938224728987393e-01 1.025313629919662045e-01
8.353540012625139122e-01 1.025802143640457548e-01
8.352503513878913877e-01 1.026149323021050830e-01
8.351942425645410006e-01 1.026502473067541499e-01
8.352960625329420852e-01 1.026932081569793404e-01
8.354497345469561465e-01 1.027370130046316443e-01
8.356233401141734962e-01 1.027795821041658231e-01
8.357538861371844874e-01 1.028164312136448516e-01
8.357402064582700740e-01 1.028407109597164609e-01
8.357019586117481191e-01 1.028613161408797605e-01
8.357164829054177790e-01 1.028827056100859449e-01
8.357777384092036632e-01 1.029043602900688303e-01
8.359512444970833567e-01 1.029309699741363798e-01
8.361630505684541914e-01 1.029576339129489038e-01
8.363120501605438850e-01 1.029781686423276166e-01
8.364297118031414069e-01 1.029936867014816376e-01
8.365072469395624655e-01 1.030041711045545649e-01
8.365740205792491224e-01 1.030120879868611644e-01
8.366607022570229368e-01 1.030186831781871176e-01
8.367592007922246555e-01 1.030238083379213243e-01
8.368557803194041078e-01 1.030264171082516944e-01
8.369656972116326088e-01 1.030273225329583486e-01
8.371044407201435611e-01 1.030276911581173571e-01
8.372499686084150516e-01 1.030260879612044239e-01
8.373897235302864006e-01 1.030217428858175577e-01
8.375046025242025571e-01 1.030135764471403897e-01
8.375550649615358667e-01 1.029978409302046288e-01
8.375981511183684391e-01 1.029796876647493947e-01
8.377354371786709386e-01 1.029645932720088253e-01
8.379388786482288021e-01 1.029509197204671322e-01
8.381157001126124939e-01 1.029327839900780195e-01
8.382974651943494449e-01 1.029128024850521211e-01
8.384449847139083811e-01 1.028878538703896506e-01
8.385767407559739928e-01 1.028593154546569854e-01
8.386746189396154794e-01 1.028262158940902449e-01
8.387293491946931079e-01 1.027884979755637890e-01
8.388330859337768119e-01 1.027512536288774925e-01
8.389625247981407075e-01 1.027118552923530909e-01
8.391022320980773275e-01 1.026720653231922575e-01
8.392462099112718565e-01 1.026282489395590053e-01
8.394257311569366387e-01 1.025858706900516226e-01
8.396312645959526089e-01 1.025431353615023494e-01
8.396811455118993184e-01 1.024875800996999931e-01
8.395834600740600395e-01 1.024234827847898821e-01
8.396790492406862594e-01 1.023671753121801475e-01
8.400000758589102334e-01 1.023194430853574394e-01
8.402073844730164609e-01 1.022648416094391333e-01
8.402444350724824762e-01 1.021992984164110940e-01
8.402802136692367752e-01 1.021297022947960653e-01
8.403491246103158563e-01 1.020614392814076371e-01
8.405588795591625306e-01 1.019988561488411466e-01
8.410100301786730403e-01 1.019469141582564214e-01
8.413062290662570719e-01 1.018822170936830723e-01
8.413183526417044034e-01 1.018027113986077759e-01
8.413841494861784565e-01 1.017236612318629801e-01
8.416066057734984396e-01 1.016488119840392307e-01
8.418001359005155004e-01 1.015720851608529346e-01
8.418867145850366107e-01 1.014890314252922671e-01
8.419363061179354624e-01 1.013994659360347023e-01
8.419485427852380077e-01 1.013066465895574308e-01
8.420481753738259245e-01 1.012191838521745435e-01
8.423314124562280014e-01 1.011348555283030914e-01
8.426216669317510011e-01 1.010509212328636469e-01
8.428154141479669015e-01 1.009611899379040389e-01
8.429762307063408677e-01 1.008668283771408242e-01
8.431371231574544822e-01 1.007710888797936771e-01
8.432554220355663599e-01 1.006705071983065997e-01
8.433152227544385982e-01 1.005658966709854218e-01
8.433916478716958487e-01 1.004606323201538282e-01
8.436083639438850534e-01 1.003611655788986257e-01
8.438375748312019198e-01 1.002598961475111294e-01
8.439302559027183070e-01 1.001477009963852860e-01
8.440030399354024881e-01 1.000354724061094103e-01
8.441186654032946102e-01 9.992373792290723533e-02
8.442808255128479988e-01 9.981333461866391532e-02
8.445135785011835816e-01 9.969913343496808467e-02
8.447677249672023159e-01 9.958908468736690778e-02
8.449167417406121539e-01 9.947181409422206633e-02
8.450415274375163710e-01 9.934875460452655127e-02
8.452351205296015912e-01 9.923171222447942086e-02
8.454539904025196728e-01 9.910957458095480399e-02
8.456327462399693129e-01 9.898768479950041665e-02
8.457814525801174987e-01 9.886025598390120461e-02
8.459265875640585852e-01 9.873307495369247622e-02
8.460824857101862939e-01 9.860564928657493400e-02
8.463511555870386616e-01 9.847783810288111839e-02
8.466606351962328025e-01 9.835422942208821295e-02
8.467840917709512638e-01 9.822004893023070227e-02
8.467871484028034468e-01 9.807664525426346147e-02
8.469209182927320834e-01 9.794147175102589642e-02
8.471275696161731927e-01 9.780717963460398845e-02
8.473262911125115648e-01 9.766898931795395256e-02
8.475279907984759609e-01 9.753090212156342864e-02
8.477170792762560581e-01 9.739317592548031588e-02
8.479007384056557184e-01 9.725248612389784941e-02
8.481027873151710805e-01 9.711042286649808342e-02
8.483345047022041729e-01 9.696712864877819749e-02
8.485578137049816227e-01 9.682432206237165384e-02
8.487619281666752835e-01 9.667855117919124663e-02
8.489111964877678052e-01 9.653149451761529332e-02
8.489894498008333512e-01 9.638098291270223716e-02
8.491460594760039671e-01 9.622641765788381152e-02
8.493801363264912307e-01 9.607884233950857167e-02
8.495897921290312960e-01 9.592804294528767262e-02
8.497600981038635481e-01 9.577507116509517693e-02
8.499690308983841591e-01 9.562359020236975427e-02
8.502026854844251247e-01 9.546488635403001244e-02
8.504851833825638474e-01 9.531360846868616732e-02
8.508327033599382139e-01 9.516314118642392461e-02
8.510728914301450843e-01 9.500705556293069509e-02
8.511791023615024043e-01 9.484368161408955611e-02
8.512747742282128494e-01 9.468021382837626954e-02
8.513413302268338922e-01 9.451717669437655067e-02
8.514700706702835742e-01 9.434792071673013536e-02
8.517198924891887790e-01 9.418834817225771316e-02
8.519618490838833935e-01 9.402813322167669075e-02
8.521688050867983755e-01 9.386422267519385632e-02
8.523796524041032940e-01 9.369826586856278006e-02
8.526153483962760626e-01 9.353275725197982005e-02
8.528578492999104865e-01 9.337032297851179108e-02
8.531161327354392920e-01 9.320053746172510256e-02
8.533335536468330540e-01 9.303521262660054136e-02
8.534515602423909941e-01 9.286433464219781553e-02
8.535962118015085753e-01 9.269411326358982517e-02
8.538387832958714840e-01 9.251988105651878791e-02
8.540934556401390543e-01 9.235426868864482497e-02
8.543135074882897140e-01 9.218261041131559086e-02
8.545117078940984712e-01 9.200710829836253324e-02
8.546579520919558304e-01 9.183345129145981112e-02
8.548215324997974207e-01 9.166150453215488048e-02
8.550430265075364966e-01 9.148614472882472815e-02
8.552582534729117336e-01 9.131198063840278989e-02
8.553490122818343533e-01 9.113487859668220614e-02
8.554461655222361793e-01 9.095333890300025259e-02
8.557024547554115124e-01 9.078091485747838418e-02
8.559890345005848333e-01 9.060848465394430451e-02
8.561601302619681331e-01 9.042707913748686266e-02
8.563265748355441964e-01 9.024993684230218915e-02
8.566226779485945908e-01 9.007581166886462209e-02
8.569306650167154427e-01 8.989738328263603695e-02
8.571327233524708156e-01 8.972207542651426670e-02
8.572816249442041237e-01 8.954239183062723262e-02
8.574448899053319639e-01 8.935862574439612516e-02
8.576301870084082069e-01 8.918019680493971535e-02
8.578460420914220119e-01 8.900622689524163855e-02
8.580844709908991286e-01 8.882166215337634896e-02
8.582994945000340659e-01 8.864349061768821147e-02
8.584963763014962224e-01 8.846051505267285564e-02
8.586801340759764312e-01 8.828204017867881392e-02
8.588662105019192472e-01 8.810184649980541682e-02
8.591865467267919554e-01 8.791984182992299002e-02
8.595706833225413845e-01 8.774798850048642906e-02
8.596965504475027053e-01 8.756034847366932217e-02
8.596549749622837133e-01 8.737595612177356807e-02
8.598726997812572437e-01 8.719253144360969432e-02
8.602694699363090391e-01 8.701670293002648771e-02
8.605230663128951019e-01 8.683330974140524017e-02
8.606678348623316710e-01 8.665287128533628869e-02
8.608368469772480491e-01 8.646761203110832350e-02
8.610378086660692709e-01 8.628906053259426112e-02
8.611974404920722526e-01 8.611201314598794510e-02
8.613289696503636517e-01 8.592487594853573385e-02
8.615187635501150298e-01 8.574799914064955286e-02
8.617615073810562798e-01 8.556344236174807938e-02
8.619789707758940267e-01 8.538650348842750926e-02
8.621662393839851779e-01 8.520903068156578108e-02
8.623599805881344560e-01 8.502506172273877061e-02
8.625738590877404244e-01 8.485063069034678995e-02
8.628068131497540483e-01 8.467449000612838061e-02
8.630883449412040109e-01 8.449159727119694152e-02
8.633177426201942284e-01 8.431809057144115660e-02
8.634999444447285510e-01 8.413603096709888762e-02
8.636279024556366979e-01 8.396061208912238005e-02
8.636777393050842910e-01 8.378510519960481739e-02
8.638793330426901562e-01 8.360283555099159991e-02
8.643726642815043881e-01 8.343279488375529573e-02
8.647135144085045244e-01 8.325350064775018100e-02
8.647034900862683449e-01 8.308079408378782338e-02
8.647458894092457937e-01 8.290376929214558765e-02
8.649307182232457425e-01 8.272591186320978063e-02
8.651371756348278375e-01 8.255697937551861876e-02
8.652955896974023897e-01 8.237743321421026055e-02
8.655109291971057051e-01 8.220785667476632197e-02
8.658544155077448901e-01 8.203309939027533804e-02
8.661656770585095533e-01 8.186535053192470213e-02
8.662991696779419604e-01 8.169011320242221263e-02
8.664261396185412023e-01 8.151364158100250779e-02
8.666639189384272024e-01 8.134857690817895448e-02
8.668885138070344665e-01 8.117709284182036966e-02
8.670235523547091816e-01 8.101113677003565772e-02
8.671548023002264571e-01 8.083772745590638020e-02
8.673811166272257234e-01 8.067550684920118953e-02
8.676157967120626813e-01 8.050492467370184979e-02
8.678363710563823386e-01 8.033646538720057295e-02
8.680226802679267273e-01 8.017492167571745043e-02
8.681228942104446400e-01 8.001465208078864522e-02
8.682271863639066112e-01 7.984744456861750384e-02
8.685225957458140300e-01 7.969081316758851175e-02
8.688683354552764193e-01 7.953433056831753223e-02
8.690449447093131496e-01 7.937035211638178434e-02
8.691600128207124243e-01 7.921457099195608476e-02
8.692734426938665271e-01 7.905757274155282566e-02
8.693992509676475855e-01 7.890705136549305831e-02
8.695960073247238631e-01 7.875359411181112601e-02
8.698167758866985899e-01 7.860344615140602009e-02
8.699701027321387059e-01 7.845335970111341761e-02
8.700869607563407326e-01 7.831163465867747864e-02
8.702489975635999686e-01 7.816400179391475023e-02
8.704284654888825301e-01 7.801857257795126455e-02
8.706292971193463348e-01 7.787986869932128631e-02
8.708448422471543049e-01 7.773485805799904003e-02
8.709798548689162700e-01 7.760223704837261594e-02
8.710778113199998396e-01 7.747012046913720473e-02
8.712438187362970821e-01 7.732683537619644554e-02
8.714530537188168724e-01 7.719866196947829107e-02
8.716245315213793088e-01 7.706888593454044867e-02
8.717639393270272263e-01 7.694025265932458169e-02
8.718565038235608355e-01 7.681343931898537702e-02
8.719091062616436405e-01 7.668718908677972512e-02
8.720525582974972822e-01 7.656501211409538765e-02
8.722851912140173747e-01 7.644160632053056958e-02
8.724547143573678776e-01 7.632151305973251809e-02
8.725693146319756233e-01 7.620078526893814264e-02
8.727186710103136402e-01 7.608398922066023085e-02
8.729049873436427465e-01 7.595835731389746770e-02
8.730800519353371092e-01 7.584405533857936643e-02
8.732432639025800025e-01 7.573036100875481236e-02
8.733558096563899253e-01 7.561871672995776339e-02
8.734314734623863652e-01 7.550807195416515960e-02
8.735341883304595934e-01 7.539855198973234585e-02
8.736586870327863741e-01 7.528338803158242387e-02
8.738434201474322149e-01 7.517854494379720698e-02
8.740766778681017257e-01 7.506535650055659592e-02
8.742666564372945093e-01 7.496381931022473577e-02
8.743699482921760691e-01 7.485302263821887181e-02
8.744899024903123319e-01 7.475386711109789639e-02
8.746449892811190008e-01 7.464775675805275512e-02
8.747597704371972149e-01 7.454456964962484500e-02
8.748000080877472717e-01 7.444900869706756741e-02
8.748728979366029446e-01 7.434823718050714847e-02
8.750814888124569535e-01 7.424800889933998171e-02
8.752549859387865894e-01 7.415115540731428978e-02
8.753339091705415465e-01 7.405572803294806217e-02
8.754316126443845159e-01 7.395920846011716510e-02
8.755930650339700527e-01 7.385748589109156215e-02
8.757112822058570334e-01 7.376730651425413010e-02
8.756878978531527080e-01 7.367826412061448393e-02
8.756971536439306369e-01 7.358194369135866164e-02
8.758805164910425933e-01 7.349735296284577724e-02
8.760905206273089663e-01 7.341233668775033749e-02
8.762322209816474361e-01 7.332139788234433297e-02
8.763328737325428719e-01 7.324129519203576022e-02
8.763335099875450007e-01 7.316441585727541386e-02
8.763509854319366799e-01 7.307910593736954841e-02
8.765138253898304699e-01 7.300404339182409164e-02
8.767039261860617438e-01 7.293291932764775498e-02
8.768535585719036130e-01 7.285128951560337907e-02
8.769784932542388223e-01 7.278534411398661363e-02
8.770852335773872133e-01 7.271857335479663120e-02
8.771497421117246951e-01 7.264515096731416488e-02
8.771175624042485408e-01 7.258160467678761996e-02
8.770688026043813590e-01 7.252265943882682531e-02
8.771583176813529947e-01 7.246408496804310206e-02
8.772929880727842189e-01 7.240853017200750419e-02
8.773170585237463071e-01 7.234468368144671147e-02
8.773205150988258039e-01 7.229314096044621440e-02
8.774621688422644672e-01 7.224209985956597802e-02
8.776462297444940219e-01 7.219403791266570947e-02
8.777998288709916164e-01 7.214822618820272704e-02
8.779108458126175796e-01 7.210467790260710608e-02
8.779249662957336886e-01 7.206259834242613460e-02
8.778658052165456693e-01 7.202517183032820791e-02
8.779157781815161155e-01 7.198622898206076537e-02
8.780292671048530728e-01 7.195183339120771182e-02
8.781016137796225918e-01 7.191900701540550334e-02
8.781622577556743581e-01 7.187799525772289866e-02
8.782097965775882420e-01 7.185031657921280013e-02
8.782367304311194944e-01 7.182347740891571741e-02
8.782514993659553681e-01 7.180039920931687025e-02
8.782365220136005846e-01 7.177803048397730923e-02
8.782444240779828659e-01 7.175913857638442639e-02
8.782643977005636371e-01 7.174163509899018909e-02
8.783082135091883069e-01 7.172585598859645972e-02
8.784006763377064653e-01 7.171329122631207864e-02
8.785088214872159851e-01 7.169272002858215198e-02
8.786452619248108498e-01 7.168374078260353333e-02
8.786909796469540845e-01 7.167775290297585811e-02
8.786252338708354648e-01 7.167566354740668999e-02
8.785701720814220739e-01 7.166487409490676641e-02
8.785206654107110547e-01 7.166655224756944553e-02
8.785468483187227617e-01 7.166910438853088539e-02
8.786485904434381267e-01 7.167473982280678224e-02
8.787309063238701867e-01 7.167221705436445378e-02
8.787787692545744322e-01 7.168377763132788294e-02
8.787666401938521998e-01 7.169588885373180676e-02
8.786663947370295658e-01 7.171121013633333097e-02
8.785906148753174216e-01 7.171903553296726797e-02
8.785509758280810599e-01 7.173912006016831822e-02
8.785688312140564893e-01 7.176130333916562465e-02
8.786648454813991149e-01 7.178474782629626350e-02
8.787251156170390320e-01 7.181290228117931385e-02
8.786974152255390136e-01 7.183181081820864955e-02
8.786560356124787363e-01 7.186260897808076364e-02
8.786332910502874238e-01 7.189675384205539144e-02
8.785795348117254600e-01 7.193450541127729969e-02
8.784538503032780499e-01 7.196400173871213279e-02
8.783535171733247715e-01 7.200523172705958208e-02
8.783890575798279921e-01 7.204948957352257100e-02
8.784429321185147632e-01 7.209532974927961024e-02
8.785022370875436026e-01 7.214436098013513043e-02
8.785100527298473905e-01 7.218534746747590214e-02
8.784288856758072361e-01 7.223908325941889863e-02
8.783170212325054349e-01 7.229447941396516253e-02
8.781711116262850281e-01 7.235372610511021929e-02
8.780336942179034487e-01 7.241512092555393854e-02
8.779043147233731581e-01 7.246927285690978049e-02
8.778399063454315199e-01 7.253431707691496144e-02
8.779947786288037070e-01 7.260385409592126638e-02
8.781691885645994677e-01 7.267462528654267118e-02
8.780999108704710121e-01 7.274768141946520716e-02
8.779458166443322442e-01 7.281494247745629034e-02
8.778873864999638954e-01 7.289439135204561770e-02
8.778581427360094835e-01 7.297217411034530310e-02
8.778338407679525668e-01 7.305735481599037739e-02
8.777884882202179329e-01 7.314386435179030810e-02
8.776148972734407749e-01 7.322187419533213171e-02
8.773900155346413543e-01 7.331270304192641363e-02
8.772890125259658056e-01 7.340627593176145271e-02
8.772746551156014316e-01 7.350184842345958147e-02
8.772958565342238169e-01 7.360074929963092427e-02
8.773219985048903435e-01 7.370044794067973082e-02
8.771638152373005815e-01 7.380354872961916723e-02
8.768944164996669288e-01 7.391055868066491452e-02
8.767966321839459898e-01 7.400997788805174782e-02
8.767966167393542731e-01 7.411928375401112545e-02
8.767427433405569071e-01 7.423454737591304864e-02
8.766530392727049925e-01 7.435669809491510240e-02
8.765160653030410476e-01 7.447611848938773260e-02
8.763400039535904629e-01 7.459802196560604004e-02
8.761789205525488677e-01 7.472117233025811489e-02
8.760385658669842535e-01 7.484631860033945372e-02
8.758933408504625540e-01 7.497450112766002039e-02
8.757758761215416188e-01 7.511386195556625511e-02
8.757132014003835563e-01 7.524642536225197020e-02
8.757052765369335301e-01 7.538368943549152157e-02
8.756396328251110361e-01 7.553087004369352098e-02
8.754838317692734684e-01 7.567220001514049499e-02
8.753823004699969879e-01 7.581584766379256823e-02
8.753372391700933175e-01 7.597102071174184623e-02
8.752328153084184548e-01 7.611686755131842619e-02
8.750559637065534746e-01 7.627702532352453879e-02
8.748586843981239758e-01 7.642850022208066973e-02
8.746199322826656575e-01 7.659442795240303803e-02
8.744586001001193321e-01 7.674971630024579605e-02
8.743800642416202917e-01 7.691837255254269090e-02
8.742656463981107740e-01 7.708434612833302280e-02
8.741150208094538021e-01 7.724905203282129984e-02
8.739227800897189091e-01 7.742460493609316929e-02
8.736894527795222576e-01 7.759334293711955821e-02
8.734540462719956322e-01 7.777573990279110228e-02
8.732262520160163355e-01 7.795053531307478967e-02
8.730835753533607857e-01 7.812390765992270614e-02
8.731310588410797768e-01 7.831389830734840352e-02
8.730682049118656529e-01 7.849875002733532059e-02
8.726683787044490215e-01 7.868755272012717406e-02
8.723792147990525603e-01 7.887657734713948710e-02
8.724450052253069909e-01 7.906441490410141826e-02
8.725011484950369045e-01 7.926493326113495663e-02
8.723575602373044857e-01 7.946065307710435677e-02
8.721767922536234341e-01 7.965613693044240606e-02
8.720040861499913643e-01 7.986349459163824549e-02
8.718078173140270115e-01 8.006346473004923026e-02
8.715684618924717242e-01 8.026730035310727929e-02
8.713205510675591237e-01 8.047138832518117846e-02
8.710402117003346323e-01 8.067997846852004162e-02
8.707893257267280696e-01 8.088638776707289535e-02
8.705804656189871649e-01 8.109965876902104631e-02
8.704037025205199063e-01 8.131086256232183951e-02
8.701878692437768903e-01 8.153138902904712160e-02
8.699956898463298005e-01 8.174701104333076396e-02
8.698645104530188243e-01 8.198147024266699834e-02
8.697260462526195113e-01 8.220252765525210004e-02
8.694657500526684624e-01 8.242771551696050081e-02
8.691770436988960347e-01 8.265338780166976707e-02
8.689584236172086529e-01 8.288867978957104032e-02
8.687696002381274374e-01 8.312132116055211128e-02
8.685671663528634623e-01 8.334798947610867759e-02
8.683883050558030003e-01 8.358108937423586182e-02
8.681998390193393922e-01 8.382212613371865795e-02
8.680211503523094230e-01 8.406468533677145805e-02
8.678198086493736918e-01 8.431041060154215172e-02
8.676007412022572751e-01 8.455333944941434421e-02
8.673761640926009875e-01 8.480292531460088823e-02
8.671522731431087205e-01 8.505091610375280220e-02
8.669793630853537270e-01 8.530784380010175694e-02
8.668290558876409202e-01 8.556078501750771781e-02
8.664734570581367201e-01 8.581496614408368195e-02
8.660036311122657482e-01 8.606895272948697495e-02
8.657983468732795007e-01 8.632971959627365466e-02
8.657963307681477705e-01 8.658561770248703049e-02
8.655557135915550315e-01 8.685115163557008411e-02
8.651348631010388202e-01 8.711551514244769701e-02
8.648237582902621456e-01 8.738481931653166446e-02
8.646142786238929512e-01 8.765870622350052654e-02
8.644040841970622724e-01 8.793339365678522201e-02
8.642114072388717982e-01 8.819791985692991554e-02
8.639410069291193484e-01 8.847724040228305276e-02
8.635755276694752069e-01 8.875031756097397084e-02
8.632504603260983123e-01 8.903442865164100384e-02
8.629972013309563650e-01 8.931544414256267772e-02
8.627092124741388979e-01 8.958948211772742309e-02
8.623867311321534723e-01 8.987979443405805235e-02
8.620886759969835778e-01 9.016701364516600814e-02
8.618134307553760864e-01 9.045658947726596677e-02
8.615842500068113807e-01 9.075028485693786839e-02
8.614302772975029887e-01 9.104671230147408367e-02
8.612135351755018098e-01 9.133644576265610715e-02
8.609121808078332716e-01 9.163585648499973646e-02
8.605723563560965239e-01 9.193495849072709503e-02
8.601698046287318267e-01 9.222919386823094645e-02
8.598320037718851783e-01 9.253494781323300111e-02
8.596799995366907199e-01 9.283709245356588924e-02
8.594054876465522241e-01 9.314915350529962002e-02
8.588817635643397619e-01 9.344869125959831546e-02
8.584549325243987505e-01 9.376089184607010185e-02
8.583454440372106919e-01 9.406795440965037836e-02
8.582083545271180780e-01 9.438324347034086903e-02
8.578867879259370888e-01 9.470412200819369741e-02
8.575310415499766137e-01 9.501939389061118957e-02
8.571264352794366603e-01 9.533662677549473163e-02
8.567757842539632795e-01 9.565543542737985072e-02
8.565631441159676784e-01 9.598018084817012963e-02
8.563949823599924516e-01 9.630752303176928764e-02
8.562523184700412404e-01 9.663036928870807896e-02
8.560228302571329939e-01 9.696104723629911382e-02
8.555338989290177665e-01 9.728871658401432032e-02
8.550303410003967652e-01 9.761747516644050937e-02
8.547477728391357221e-01 9.794517414575931724e-02
8.545322338934007167e-01 9.828434973572093558e-02
8.542909499094898385e-01 9.861780090676836030e-02
8.540218368529282067e-01 9.895156678800798300e-02
8.536209530232795606e-01 9.929425604242850256e-02
8.532220326124214660e-01 9.963394481907256184e-02
8.529730252275506963e-01 9.997542526263573925e-02
8.527335251952439243e-01 1.003184795886216674e-01
8.522957992624338175e-01 1.006587978815260132e-01
8.517960283435934699e-01 1.009980934155409599e-01
8.514459444837492175e-01 1.013447064828322947e-01
8.511721965925750366e-01 1.016948359665442031e-01
8.508747992344573019e-01 1.020466806496935219e-01
8.505499005735337459e-01 1.023986333357943673e-01
8.501209114039565140e-01 1.027504018001412223e-01
8.496638898231154702e-01 1.030934926552311143e-01
8.493402140949871670e-01 1.034527966668009058e-01
8.491095001848081303e-01 1.038058184762269964e-01
8.488014285029260586e-01 1.041688442275113397e-01
8.484765979260207036e-01 1.045228455622388558e-01
8.481573210044842659e-01 1.048890019842921018e-01
8.478597942001679932e-01 1.052487093268335144e-01
8.475452251608058818e-01 1.056090952869497557e-01
8.472213200580268611e-01 1.059706771600862213e-01
8.468134549721296755e-01 1.063314530828779469e-01
8.463378521183140268e-01 1.066917599058159749e-01
8.459423648444371890e-01 1.070568639703112640e-01
8.456019787890801664e-01 1.074244032579532299e-01
8.452880375487799025e-01 1.077956013749802322e-01
8.449887927466465110e-01 1.081685543609339911e-01
8.446527754458328374e-01 1.085428160325118963e-01
8.442794913273652391e-01 1.089162465381153660e-01
8.438731905756998719e-01 1.092806438286235554e-01
8.434253843523082939e-01 1.096551933722728911e-01
8.430539860837880095e-01 1.100231261196409904e-01
8.427845814853839324e-01 1.104074900701196155e-01
8.425424911014939289e-01 1.107797740360426525e-01
8.423300989739218592e-01 1.111697606883089717e-01
8.420623930870160256e-01 1.115484729835926198e-01
8.416937493168755724e-01 1.119247694855745046e-01
8.412608814970319315e-01 1.123001222769454549e-01
8.407101655057124256e-01 1.126832739949359952e-01
8.402302294097527824e-01 1.130598338945122683e-01
8.398640338711693687e-01 1.134422993189348611e-01
8.395354210248643367e-01 1.138279508050656363e-01
8.392416283975875357e-01 1.142047449803024195e-01
8.389339140456963939e-01 1.145939836104891418e-01
8.386088653944778759e-01 1.149842952849150640e-01
8.382648038137695545e-01 1.153747016497891908e-01
8.378933677017661452e-01 1.157654334501250770e-01
8.375198547337727728e-01 1.161462433637154151e-01
8.371543058093126044e-01 1.165393737299989657e-01
8.367516514623878354e-01 1.169223672294237987e-01
8.362225498002190394e-01 1.173115301014982098e-01
8.357202937840634283e-01 1.176917476837077009e-01
8.352951186223419588e-01 1.180881205648061788e-01
8.349618602590421768e-01 1.184778600081043548e-01
8.347505774002574874e-01 1.188751474956846882e-01
8.345461480794342801e-01 1.192736657128036226e-01
8.342345622405740180e-01 1.196686473316274368e-01
8.338498234580291602e-01 1.200613166560899336e-01
8.334099518354710634e-01 1.204525800535868885e-01
8.329533753553293174e-01 1.208444799645574524e-01
8.325039997075907028e-01 1.212374352007324907e-01
8.320897711863112223e-01 1.216330155655785256e-01
8.317435720257718712e-01 1.220332682240149319e-01
8.314201081280756522e-01 1.224325619381144703e-01
8.310642126122055329e-01 1.228345051837330393e-01
8.306992340481479387e-01 1.232254476490622780e-01
8.302700169548004050e-01 1.236256101785822847e-01
8.298163785677227233e-01 1.240140584278998231e-01
8.293593038825103347e-01 1.244154042014224693e-01
8.289197992398993353e-01 1.248060782857283307e-01
8.285842354613374150e-01 1.252148127305704739e-01
8.283112796826297419e-01 1.256159292341759715e-01
8.280300453163000896e-01 1.260172597403787231e-01
8.277191509157346694e-01 1.264306903223699763e-01
8.273544853994720949e-01 1.268297347974701728e-01
8.269380935539694111e-01 1.272270161545752398e-01
8.264496211881142695e-01 1.276215683155997316e-01
8.259177121554651668e-01 1.280143074273034920e-01
8.254920716215194965e-01 1.284131559748580842e-01
8.251513707673145959e-01 1.288178526275637059e-01
8.248003298884004630e-01 1.292222938495748985e-01
8.244705502263601771e-01 1.296150597352617451e-01
8.241354742558093527e-01 1.300221762716942675e-01
8.237919032737147651e-01 1.304297350417261414e-01
8.234405084093721072e-01 1.308371971242157095e-01
8.230780699730718686e-01 1.312330291189748310e-01
8.226917909476354485e-01 1.316383612935681513e-01
8.223030239736467406e-01 1.320339459009383376e-01
8.218685666813373425e-01 1.324394035984179097e-01
8.214289100611067429e-01 1.328328492424821761e-01
8.209420834587433102e-01 1.332352799372563956e-01
8.204413401158937580e-01 1.336263086917437726e-01
8.200231641983352082e-01 1.340224899513245971e-01
8.197117874746517874e-01 1.344259565693131098e-01
8.193915686168548040e-01 1.348279609482778696e-01
8.190739453258739644e-01 1.352442577731293727e-01
8.187335551376725418e-01 1.356474756977273655e-01
8.183766498640244746e-01 1.360490228937312751e-01
8.179580951989752213e-01 1.364483639917631053e-01
8.174726443377883234e-01 1.368313048817499378e-01
8.170096728048279466e-01 1.372278509214712727e-01
8.166601157217506790e-01 1.376324636620730735e-01
8.163422695880518942e-01 1.380396194810302180e-01
8.160765388185138303e-01 1.384501581615125432e-01
8.157269831462355958e-01 1.388430486706262179e-01
8.152296074389122627e-01 1.392396025204666044e-01
8.147673546700716640e-01 1.396262554435723779e-01
8.143713605426157187e-01 1.400297912810891110e-01
8.140036154524860068e-01 1.404225606401617865e-01
8.136489667240437429e-01 1.408295292034955348e-01
8.132800846191970967e-01 1.412230657114383336e-01
8.127919335875446460e-01 1.416214592728254340e-01
8.123290525435276077e-01 1.420091358084924205e-01
8.119499949846016307e-01 1.424024566515751100e-01
8.115810677839863096e-01 1.427965265815032692e-01
8.112459325247729502e-01 1.431931714559833424e-01
8.109032669659881343e-01 1.435895389353484819e-01
8.105132140912748584e-01 1.439951389978380292e-01
8.101188925770932414e-01 1.443883491849388689e-01
8.097082331214602302e-01 1.447673585057822621e-01
8.092895254319204534e-01 1.451584540430011505e-01
8.088755378307389554e-01 1.455500237748330317e-01
8.084910107466908302e-01 1.459436630493566034e-01
8.081627121916744594e-01 1.463412622355825254e-01
8.078623165379476001e-01 1.467279425754358657e-01
8.075091976784380954e-01 1.471244496051117290e-01
8.071565313180266710e-01 1.475201257328391524e-01
8.067973966732586710e-01 1.479026248254914355e-01
8.064035032386063229e-01 1.482951186404303234e-01
8.059935404804962067e-01 1.486736803608872115e-01
8.055585950166707088e-01 1.490627841136024645e-01
8.051490888379780886e-01 1.494409643029955548e-01
8.047495214503993521e-01 1.498196348559619473e-01
8.043393273470054172e-01 1.502102657757996007e-01
8.039378047380753012e-01 1.505883413736466281e-01
8.035392223198050132e-01 1.509659948756980341e-01
8.031309111668236689e-01 1.513431206528673134e-01
8.027737337464829759e-01 1.517236718697543008e-01
8.024504689708130689e-01 1.521067513695064100e-01
8.021337038818340259e-01 1.525027088746490067e-01
8.018384160464487875e-01 1.528745306401070037e-01
8.015166471670052140e-01 1.532555568768296517e-01
8.011438334722256194e-01 1.536333476238384010e-01
8.007640624650227412e-01 1.540104151785487707e-01
8.003680243866697630e-01 1.543855479462854507e-01
7.999626463885860517e-01 1.547596177920806393e-01
7.995609561865872905e-01 1.551210692858197571e-01
7.992142691054511250e-01 1.554986152206643824e-01
7.989347344764881065e-01 1.558815063356449315e-01
7.986014513177873697e-01 1.562469270040650893e-01
7.981912617970354784e-01 1.566180297554009837e-01
7.977321148027786135e-01 1.569722270985046686e-01
7.971913799474177331e-01 1.573319500471443422e-01
7.966934147279901568e-01 1.576812271489511363e-01
7.962304506078334843e-01 1.580314343863904181e-01
7.957899850874162739e-01 1.583970121909238360e-01
7.953937159998234474e-01 1.587532350695168570e-01
7.950384158939340917e-01 1.591123539380679131e-01
7.947408344162606442e-01 1.594755267325742853e-01
7.944295597337218684e-01 1.598368271914856198e-01
7.940491046593610713e-01 1.602042043513336733e-01
7.936796006935407100e-01 1.605593349171832163e-01
7.933033979832355698e-01 1.609134733396931638e-01
7.929515270301893404e-01 1.612689886130663774e-01
7.926603637610073472e-01 1.616164490918784169e-01
7.923169608437000688e-01 1.619710859269696823e-01
7.918939411628429514e-01 1.623180206682608984e-01
7.914384763095538844e-01 1.626615509475760613e-01
7.909369810404432988e-01 1.629967420115211452e-01
7.905525226945975259e-01 1.633322158859952800e-01
7.904011895107454500e-01 1.636997375195293480e-01
7.902432299068282706e-01 1.640660566554522359e-01
7.899802564637272706e-01 1.644105129955842348e-01
7.895891241264184623e-01 1.647535347512814052e-01
7.889778204777585513e-01 1.650649497038757518e-01
7.883935345865542565e-01 1.653860688669478995e-01
7.880123441855836353e-01 1.657156906869483859e-01
7.877043989663883305e-01 1.660512877665493159e-01
7.874392818206177314e-01 1.664013139192652979e-01
7.871984662715625358e-01 1.667410604598018042e-01
7.869514166293898327e-01 1.670792924807066038e-01
7.866793976929069565e-01 1.674143280278144741e-01
7.863349196354233461e-01 1.677541835659452918e-01
7.859624735075951829e-01 1.680741714877171389e-01
7.855251585161628913e-01 1.683908815994845931e-01
7.851126033089240730e-01 1.687082602713892432e-01
7.849101984896573736e-01 1.690446263183359721e-01
7.847896177465409906e-01 1.693882186671270829e-01
7.846051585371642823e-01 1.697241884977643001e-01
7.843654830438682168e-01 1.700542001735166064e-01
7.839088696003523316e-01 1.703505666173925071e-01
7.833581960051148041e-01 1.706483224409684196e-01
7.829200982264422626e-01 1.709555813062163809e-01
7.825546967710573787e-01 1.712689335815650860e-01
7.822485210123376609e-01 1.715751196784137678e-01
7.819708276212355980e-01 1.718975702099828640e-01
7.816666295430017009e-01 1.722129747582566983e-01
7.813562466549601737e-01 1.725156193298697238e-01
7.810286228040757006e-01 1.728264602064703559e-01
7.806863529639228583e-01 1.731228066200713733e-01
7.803150436871938433e-01 1.734152809165608877e-01
7.799127396799347967e-01 1.737146478418231110e-01
7.796054678681975103e-01 1.740114794234109141e-01
7.793663481760259026e-01 1.743133623363175844e-01
7.791650024854315237e-01 1.746291572235535994e-01
7.789873403584960387e-01 1.749380787024490957e-01
7.786616041290407297e-01 1.752277437416618622e-01
7.781951076777731124e-01 1.755015019744635141e-01
7.777599069974283630e-01 1.757768633297427940e-01
7.773511481309900439e-01 1.760536110037727031e-01
7.770783044887793478e-01 1.763433519726219922e-01
7.769552753634731967e-01 1.766500130400493751e-01
7.767813879025231572e-01 1.769463418907130936e-01
7.765535574320109324e-01 1.772360134241934004e-01
7.762696564833240220e-01 1.775186917225060335e-01
7.759234146232860674e-01 1.777930659537883262e-01
7.755425400729146768e-01 1.780675372995621508e-01
7.751372298517605897e-01 1.783330817994156214e-01
7.747395453711009017e-01 1.785873690397623559e-01
7.743244322300275595e-01 1.788533667890530032e-01
7.739851771587947793e-01 1.791207481916697875e-01
7.737190823761298519e-01 1.793841641299949718e-01
7.734745460753361668e-01 1.796627955812168387e-01
7.732746739409885883e-01 1.799300486399380006e-01
7.731062613596126898e-01 1.802095858579773335e-01
7.729773650150644215e-01 1.804866298274007963e-01
7.727958384013791093e-01 1.807613808420949486e-01
7.725110813664143317e-01 1.810183474410946847e-01
7.721910240141200976e-01 1.812647847647021471e-01
7.718005075656138025e-01 1.815127018551701832e-01
7.714183117594400896e-01 1.817542764334910965e-01
7.710706696509720404e-01 1.819932541527077008e-01
7.707354099449521545e-01 1.822381623684638241e-01
7.704321513689700307e-01 1.824776528471603321e-01
7.701509930153409567e-01 1.827287578466200713e-01
7.699405116687551009e-01 1.829811418095536046e-01
7.697335897628425627e-01 1.832266200928059363e-01
7.694384527686536357e-01 1.834659322040688711e-01
7.690872070950774964e-01 1.836933422154863882e-01
7.686329314832091031e-01 1.839063319939112928e-01
7.681936952647826500e-01 1.841166285826796312e-01
7.679084639498937603e-01 1.843453606730897920e-01
7.676952890563497611e-01 1.845791172094934096e-01
7.675351043254290406e-01 1.848228272584140908e-01
7.673802065436903241e-01 1.850604888677813420e-01
7.670920643965625230e-01 1.852733325671672426e-01
7.667300591933640108e-01 1.854836905927250146e-01
7.663650128613640478e-01 1.856978852636937127e-01
7.660348205409680533e-01 1.859004169784008176e-01
7.658160488878051897e-01 1.861218144410476949e-01
7.656468990808770192e-01 1.863370567974395875e-01
7.654396580362800018e-01 1.865567435542877239e-01
7.652149093226134902e-01 1.867685207243318934e-01
7.649244342496357429e-01 1.869742416317963507e-01
7.646224404644132999e-01 1.871679886474460763e-01
7.643664006725260363e-01 1.873654388028728190e-01
7.641288927867897485e-01 1.875699853048373444e-01
7.639382526142382002e-01 1.877714216730124452e-01
7.637541564677937656e-01 1.879767358865321591e-01
7.634490930981856494e-01 1.881608813333149055e-01
7.630554052916559415e-01 1.883403628540024077e-01
7.626384617672629096e-01 1.885074684546302892e-01
7.622002444289646128e-01 1.886713141482949940e-01
7.618811483405235618e-01 1.888445491134127796e-01
7.616710039313252523e-01 1.890303177978547855e-01
7.614704620858433470e-01 1.892135901723974167e-01
7.612959306248118230e-01 1.893979571956392605e-01
7.610906636456465924e-01 1.895785388637080959e-01
7.608528857133234347e-01 1.897574608339733238e-01
7.606373212387051996e-01 1.899305860694579517e-01
7.604210024009424584e-01 1.900961914289868993e-01
7.602146653350866368e-01 1.902674346879201783e-01
7.599989465665731858e-01 1.904412846848345386e-01
7.597832938949771187e-01 1.906067503727353341e-01
7.595523071463584630e-01 1.907675390349440059e-01
7.593091699583744969e-01 1.909257909731561786e-01
7.590563260162886960e-01 1.910814140291667296e-01
7.587864892260932637e-01 1.912314749828573635e-01
7.585166554776355818e-01 1.913790894080994731e-01
7.582343475251838161e-01 1.915243704962927007e-01
7.579453251308119199e-01 1.916665761613866314e-01
7.576563952867449991e-01 1.918059706729011715e-01
7.573688612632382133e-01 1.919383319435986057e-01
7.570721318087861862e-01 1.920790358224110372e-01
7.567954725207681754e-01 1.922077530761741315e-01
7.565139829886130540e-01 1.923395350411570837e-01
7.562525206752082063e-01 1.924709670219404145e-01
7.560012419105668346e-01 1.926019041607288651e-01
7.557645747034457129e-01 1.927329792515618256e-01
7.555228464580595604e-01 1.928617205744189989e-01
7.553102909195543724e-01 1.929848579412555554e-01
7.550841993866843627e-01 1.931157550649587606e-01
7.548768518261125271e-01 1.932417286834319514e-01
7.547045629928625932e-01 1.933692821717095944e-01
7.545961194893571200e-01 1.935014475052008187e-01
7.544824873460779235e-01 1.936313617491648986e-01
7.543377395083822323e-01 1.937555130301386597e-01
7.541617172532314450e-01 1.938681934047614686e-01
7.539222370264588857e-01 1.939765392144599254e-01
7.536363951159565922e-01 1.940772758767068396e-01
7.533344633834176962e-01 1.941802214585341135e-01
7.530220407428315221e-01 1.942732133148382667e-01
7.526782148500015257e-01 1.943550662288497932e-01
7.523320523008606431e-01 1.944402891261790001e-01
7.520360143042760237e-01 1.945348219701241721e-01
7.518118406956745270e-01 1.946272189235216110e-01
7.516598225250470389e-01 1.947308228743966085e-01
7.515453912500138500e-01 1.948331299900078195e-01
7.513847685296325407e-01 1.949303168191125479e-01
7.512127292462825734e-01 1.950216557562282904e-01
7.509933052789105057e-01 1.951065097714070329e-01
7.507649244309640979e-01 1.951855034988528304e-01
7.505186707291577886e-01 1.952628975940766121e-01
7.502720309969455048e-01 1.953325454425605401e-01
7.499963836385492577e-01 1.954058852573780647e-01
7.497105387544527044e-01 1.954714501946140659e-01
7.494004979312055559e-01 1.955262980140163032e-01
7.490402803431350787e-01 1.955816969830090624e-01
7.486721903429084390e-01 1.956238553397212088e-01
7.482733082267460922e-01 1.956660587722113265e-01
7.479036126069542600e-01 1.957109485119735981e-01
7.475657373149159346e-01 1.957497301963114222e-01
7.472402324040362531e-01 1.957940651706118473e-01
7.469295324733408181e-01 1.958414092710242249e-01
7.466583051984430064e-01 1.958815790099567855e-01
