4.733667716620549681e-04 9.636998857298738619e-01
4.722515473156834722e-04 9.636982193886237669e-01
4.709026042072010209e-04 9.636963026175822122e-01
4.693648730879394033e-04 9.636941298975590930e-01
4.678604605309355535e-04 9.636919460683029959e-01
4.665379707600741011e-04 9.636899161316770934e-01
4.655454183612659749e-04 9.636882052403967780e-01
4.647758880000938753e-04 9.636867048136135150e-01
4.641555984471617841e-04 9.636853243147830428e-01
4.618328247166032428e-04 9.636849474694091366e-01
4.590051823482072945e-04 9.636850021849747705e-01
4.556154220242108056e-04 9.636855557817999296e-01
4.516316133069597154e-04 9.636865966192671440e-01
4.470152392989772149e-04 9.636881242737620479e-01
4.417749012545039446e-04 9.636900759483594259e-01
4.359346985121685344e-04 9.636924033767798603e-01
4.295960437903812855e-04 9.636950064676742533e-01
4.228896647415057329e-04 9.636977829370715343e-01
4.156840198078957612e-04 9.637006864489667812e-01
4.080241948874161503e-04 9.637036689945399637e-01
3.999387720955587845e-04 9.637066437214691916e-01
3.914898699376605554e-04 9.637095514101545746e-01
3.827198951622663129e-04 9.637123199814648933e-01
3.736943818501125550e-04 9.637149145338890222e-01
3.644761003088379755e-04 9.637172566863509982e-01
3.551132560359239075e-04 9.637193434616536658e-01
3.456892717886310331e-04 9.637211355614332398e-01
3.362451481693049947e-04 9.637226127464502135e-01
3.268545397756069271e-04 9.637237973658321355e-01
3.175278901440912061e-04 9.637246578059865953e-01
3.083086169003627463e-04 9.637252279595267535e-01
2.992387567335397193e-04 9.637255140326876912e-01
2.903192470350504932e-04 9.637255211201791738e-01
2.815594294221891790e-04 9.637252704695324912e-01
2.729872791919017282e-04 9.637248021231318296e-01
2.645616813762689552e-04 9.637240866348436574e-01
2.563072546054233304e-04 9.637231936598191773e-01
2.482082426475563778e-04 9.637221220491268836e-01
2.402609906379831373e-04 9.637208623347445213e-01
2.324467607720401762e-04 9.637194378405848916e-01
2.247684309148843416e-04 9.637178781067425870e-01
2.171993747154703821e-04 9.637161663672759726e-01
2.097617774425872088e-04 9.637143253921223174e-01
2.024337121966073168e-04 9.637123884243915528e-01
1.952187661277163212e-04 9.637103260280444061e-01
1.881280202169444366e-04 9.637081705190896352e-01
1.811437907293684678e-04 9.637058959015201154e-01
1.742752546583137990e-04 9.637035284378911992e-01
1.675517095400363672e-04 9.637010945779369564e-01
1.609450946421968147e-04 9.636985709080369000e-01
1.544676693861566220e-04 9.636959608411621581e-01
1.481413226805692934e-04 9.636932615589728357e-01
1.419618464329937821e-04 9.636905023907180734e-01
1.359346766249635674e-04 9.636876601651684915e-01
1.300667076546495847e-04 9.636847154785824765e-01
1.243684306035176042e-04 9.636817141455384927e-01
1.188194198100003769e-04 9.636786140471969020e-01
1.134467181634617210e-04 9.636754411398860132e-01
1.082464749246454073e-04 9.636721756283542772e-01
1.032125462509774486e-04 9.636688437660194673e-01
9.834127553101491381e-05 9.636654263538513288e-01
9.364681867622665469e-05 9.636619460451786301e-01
8.912604053245641968e-05 9.636583834550317418e-01
8.476049992577249978e-05 9.636547674945176167e-01
8.056399275444923872e-05 9.636511214905827405e-01
7.652946561922840713e-05 9.636474030591091200e-01
7.264918161656091708e-05 9.636436413380770061e-01
6.891415709565066770e-05 9.636398560468973917e-01
6.534514387703712073e-05 9.636360536333583582e-01
6.190662451733353131e-05 9.636322145929497873e-01
5.862166761254010682e-05 9.636283585614541236e-01
5.546978410320123896e-05 9.636245178988485094e-01
5.244588711968123216e-05 9.636206407400763618e-01
4.955126686273764424e-05 9.636167594151251459e-01
4.678498914313457854e-05 9.636128675928771203e-01
4.412480506239856767e-05 9.636089714414181051e-01
4.158972068566243107e-05 9.636050485067368943e-01
3.917000264081004179e-05 9.636011250057924249e-01
3.685288611191999731e-05 9.635971743930364930e-01
3.462702084886138684e-05 9.635931998739782900e-01
3.251479885615313767e-05 9.635892246269085470e-01
3.049159763533980293e-05 9.635852060393412799e-01
2.856915475811933804e-05 9.635811641728888599e-01
2.673640447622293407e-05 9.635771016249929932e-01
2.499186010055198348e-05 9.635729958646821469e-01
2.332564451645326346e-05 9.635688694294922696e-01
2.175874503885243092e-05 9.635647262506276123e-01
2.025882774136459819e-05 9.635605624729812746e-01
1.884600447846886408e-05 9.635563587980424671e-01
1.751030032407222459e-05 9.635521347085642674e-01
1.625131101750668854e-05 9.635478968011820244e-01
1.505821306333495552e-05 9.635436415360313367e-01
1.394071914162639619e-05 9.635393469458791715e-01
1.288859372731400819e-05 9.635350349242862711e-01
1.191165700017798587e-05 9.635306869275053199e-01
1.098920374297668403e-05 9.635263215497607003e-01
1.012056919807830523e-05 9.635219161448299596e-01
9.316146982261982217e-06 9.635174750265592669e-01
8.565675746212062219e-06 9.635130199141852536e-01
7.868601328700132959e-06 9.635085253968047603e-01
7.214385549914471068e-06 9.635039940846021889e-01
6.602940203351573055e-06 9.634994260881628581e-01
6.044586701956890203e-06 9.634948197262639402e-01
5.518374940385268397e-06 9.634901758718475984e-01
5.034851431316810187e-06 9.634855187638197149e-01
4.583270214290521681e-06 9.634808247736045272e-01
4.174128501162960170e-06 9.634761150039268252e-01
3.786510893950609936e-06 9.634713934314094175e-01
3.430562803431520603e-06 9.634666321650263709e-01
3.106379530585381600e-06 9.634618609928085053e-01
2.803568888964592591e-06 9.634570943149362021e-01
2.532222354022164379e-06 9.634522959911056006e-01
2.271709288912492516e-06 9.634475002674836031e-01
2.042709358929840376e-06 9.634427187273297832e-01
1.834611092594451301e-06 9.634379011327185438e-01
1.637165114852031341e-06 9.634330892817003500e-01
1.460671579527708911e-06 9.634282870754060646e-01
1.304971479864292074e-06 9.634234507424987992e-01
1.159789011237626779e-06 9.634186205965997729e-01
1.035359144161962751e-06 9.634137579919894723e-01
9.110392344994936990e-07 9.634088961049716016e-01
8.074428843495206436e-07 9.634040035285054149e-01
7.142147778003610133e-07 9.633990748214378286e-01
6.313764771678722009e-07 9.633941327309545333e-01
5.588972334648177769e-07 9.633891595442447553e-01
4.967735333992875978e-07 9.633841538080614164e-01
4.346702455691755440e-07 9.633791191576037694e-01
3.828887990774932382e-07 9.633740122829833608e-01
3.414773185499147235e-07 9.633689034522977535e-01
3.000580784209140883e-07 9.633637246756177053e-01
2.586455947331849512e-07 9.633584925124094589e-01
2.275767802995193168e-07 9.633532190812068574e-01
1.965086085364510956e-07 9.633478737201607300e-01
1.654507217154771739e-07 9.633424646254475920e-01
1.447321111023052557e-07 9.633370158772015523e-01
1.240235869168244186e-07 9.633315099211309240e-01
1.033213223024208510e-07 9.633259196848090733e-01
9.295778329369043476e-08 9.633203464209241229e-01
7.227219782948906867e-08 9.633145735755538341e-01
6.192140091713323269e-08 9.633088396554441157e-01
5.157695559992356681e-08 9.633030185278758095e-01
4.124219448703771959e-08 9.632971247996322539e-01
3.091430236468943828e-08 9.632910834339597494e-01
3.089794193967940017e-08 9.632852951128607621e-01
2.058521917305670161e-08 9.632790254289974596e-01
2.057258394929807824e-08 9.632731206163120952e-01
1.027924550179861600e-08 9.632664923710345661e-01
1.027213188566875505e-08 9.632604777671146534e-01
1.026499193002549024e-08 9.632544262002684654e-01
1.025787717062328323e-08 9.632483400961509012e-01
1.025033267914951073e-08 9.632421976119945883e-01
1.024238964681616458e-08 9.632359987977328064e-01
1.023444186739600227e-08 9.632297659555613123e-01
1.022604462190118436e-08 9.632234741102178033e-01
1.583074990936290491e-05 9.096436376746015462e-01
1.713990356916548284e-05 9.094841644267055436e-01
1.853776294884662600e-05 9.093234705289933162e-01
1.999047149705409038e-05 9.091615140045929966e-01
2.144616998164798700e-05 9.089982520886411566e-01
2.283975458709665743e-05 9.088337775615981107e-01
2.410911441309983278e-05 9.086679740978338415e-01
2.518732583397376965e-05 9.085008614541364436e-01
2.597253626559375451e-05 9.083323945385166631e-01
2.635882602295099491e-05 9.081626694437650027e-01
2.620156364496024974e-05 9.079915632132719017e-01
2.544246263588141149e-05 9.078190949512044972e-01
2.422325887820685723e-05 9.076452893329420846e-01
2.297853455538359621e-05 9.074700791920532472e-01
2.228542758033074498e-05 9.072934882957880420e-01
2.254212417451152611e-05 9.071154480179548507e-01
2.371837912212496199e-05 9.069359831614592915e-01
2.546947916220209979e-05 9.067550314099002140e-01
2.735308750676330384e-05 9.065727044247591238e-01
2.924036190592416186e-05 9.063888553554734218e-01
3.135421096329498141e-05 9.062035988887446880e-01
3.391782220861737352e-05 9.060168351322311908e-01
3.683949926436451481e-05 9.058284945346484207e-01
4.009110795645172035e-05 9.056387030158448148e-01
4.346975661658791145e-05 9.054472954512015059e-01
4.658332072014531762e-05 9.052543718995791355e-01
4.945294227773382656e-05 9.050598211939673288e-01
5.208538115620695903e-05 9.048637003651898159e-01
5.532216102830384003e-05 9.046660060863976893e-01
5.836688317804503666e-05 9.044666582801638155e-01
6.132493954905786913e-05 9.042656589935615941e-01
6.419141363484659859e-05 9.040630477764003414e-01
6.691886519713915104e-05 9.038587480957389619e-01
6.954582367505802217e-05 9.036527621464750526e-01
7.210694898388742057e-05 9.034451103755682944e-01
7.461592249283941706e-05 9.032358017812535111e-01
7.705977759235933973e-05 9.030246107253975252e-01
7.946921298808241950e-05 9.028117962604100821e-01
8.181251777381302350e-05 9.025972558713557525e-01
8.415230891143786907e-05 9.023808683877839742e-01
8.646950852442278151e-05 9.021626516239514837e-01
8.879826097726400925e-05 9.019427582745540573e-01
9.114516410325262941e-05 9.017209248684155964e-01
9.349927923615760055e-05 9.014973095235789824e-01
9.586990567604698906e-05 9.012717814562949403e-01
9.825657913859225554e-05 9.010443561501902954e-01
1.006512160168017319e-04 9.008150462559698646e-01
1.030360981413474733e-04 9.005837156228327922e-01
1.053570558997714664e-04 9.003505290196173183e-01
1.075793932124093912e-04 9.001155037230019751e-01
1.097130514665932600e-04 8.998783432737393895e-01
1.117101847658746915e-04 8.996392094330789568e-01
1.134872878143947464e-04 8.993981230119711956e-01
1.150518407815044706e-04 8.991549273292389621e-01
1.163709378230431399e-04 8.989098042149578083e-01
1.173987613194752252e-04 8.986624201946198376e-01
1.181647793118001936e-04 8.984131370564941710e-01
1.186210184366373501e-04 8.981616069358833165e-01
1.187928184580493374e-04 8.979080271029500349e-01
1.187153271627857314e-04 8.976522209697315180e-01
1.184284158653614870e-04 8.973941944897679823e-01
1.178901337824526702e-04 8.971339530368689363e-01
1.171619937720230585e-04 8.968715135715304987e-01
1.161516879574066383e-04 8.966068861501489407e-01
1.148926797206957414e-04 8.963400869030012652e-01
1.133131245207200197e-04 8.960709138902887005e-01
1.114510855457871295e-04 8.957993759320790339e-01
1.094863471146539843e-04 8.955254803667060948e-01
1.076215447035419473e-04 8.952492374792191399e-01
1.063432763197636279e-04 8.949706640593656504e-01
1.066913786927443708e-04 8.946895665843912493e-01
1.114197404646085992e-04 8.944062432302700705e-01
1.257623792509204831e-04 8.941207797622686693e-01
1.584445446598471067e-04 8.938328770717396399e-01
2.231566567953689761e-04 8.935418113276815122e-01
3.040104441988869944e-04 8.932473790758159726e-01
3.890350143538315233e-04 8.929496113511311561e-01
4.474323764285893031e-04 8.926504269162293115e-01
4.774489471515610661e-04 8.923494025398150953e-01
4.953924549433751708e-04 8.920460122313370599e-01
5.104343246556704424e-04 8.917395899198105047e-01
5.244600988698867004e-04 8.914302197761736490e-01
5.369287260090712137e-04 8.911180832331516699e-01
5.483085810616879783e-04 8.908034900911665499e-01
5.601742918752931205e-04 8.904857927404860041e-01
5.716224256293310794e-04 8.901653212213104238e-01
5.830646244145350513e-04 8.898420876489185893e-01
5.944391287019730073e-04 8.895161104142933484e-01
6.061807058186595952e-04 8.891870614183355892e-01
6.179387836462442007e-04 8.888549446755813488e-01
6.298046263233234758e-04 8.885200833640551910e-01
6.418415513621135004e-04 8.881821484069308825e-01
6.541846270425393482e-04 8.878411303060343984e-01
6.665535341063365911e-04 8.874970410971688706e-01
6.791327762368970684e-04 8.871498746903673238e-01
6.921635042139288353e-04 8.867992647072334700e-01
7.053918709220019252e-04 8.864459321553921356e-01
7.189979095237567387e-04 8.860891575203578840e-01
7.331542344092818828e-04 8.857292890428067889e-01
7.476244885739970246e-04 8.853659688973538611e-01
7.625411410948596891e-04 8.849991683060802750e-01
7.777169445065150108e-04 8.846292841136881302e-01
7.931004770013306117e-04 8.842559180299617294e-01
8.087032203718323535e-04 8.838790757118261121e-01
8.245956548246232516e-04 8.834987308561700337e-01
8.408178692841960546e-04 8.831148811671565291e-01
8.575085631368224281e-04 8.827275135873197121e-01
8.745903458664669363e-04 8.823366276952373521e-01
8.920959973474642483e-04 8.819417760193768441e-01
9.098033333690098501e-04 8.815433792521241152e-01
9.276883628133552858e-04 8.811414625194494699e-01
9.457209525646567564e-04 8.807355349266987599e-01
9.637701121291610690e-04 8.803260584994144766e-01
9.818882242037026836e-04 8.799125543815420336e-01
1.000219235856807066e-03 8.794949972254396675e-01
1.018661970707964879e-03 8.790738606091084151e-01
1.037246194227493161e-03 8.786486543259858228e-01
1.056000214479959915e-03 8.782188386982134887e-01
1.075075408729072061e-03 8.777854251208503378e-01
1.094417845930353199e-03 8.773478734182128536e-01
1.113876117368543892e-03 8.769061946037384203e-01
1.133750299518654445e-03 8.764598123167449684e-01
1.153904646558763210e-03 8.760097991862010325e-01
1.174409178746801388e-03 8.755550452450119314e-01
1.195284171427309864e-03 8.750954925131544382e-01
1.216744084512634810e-03 8.746317191740989871e-01
1.238621660804732193e-03 8.741637034735154632e-01
1.261271699731674519e-03 8.736908198470250131e-01
1.284903306932131837e-03 8.732136663714511471e-01
1.309695631938076130e-03 8.727315733777560869e-01
1.335641861604386403e-03 8.722445219609854528e-01
1.362536821303650652e-03 8.717531407537012500e-01
1.390155756095741262e-03 8.712567704069448249e-01
1.418529803680624408e-03 8.707553636705509525e-01
1.447334435461843007e-03 8.702488975364389701e-01
1.476108487837624094e-03 8.697373660004280582e-01
1.504782398340511048e-03 8.692207261704045784e-01
1.533709149883548135e-03 8.686989476458211179e-01
1.562856741688902406e-03 8.681719654671266051e-01
1.592378719076748429e-03 8.676390505418004606e-01
1.622469499845575168e-03 8.671016513394776970e-01
1.653305117984336155e-03 8.665582196476532273e-01
1.685324389941485331e-03 8.660094611961791644e-01
1.718905354072329137e-03 8.654545315359005730e-01
1.753808155837740428e-03 8.648950020517164328e-01
1.789496030544195657e-03 8.643284613376206460e-01
1.825849207888273268e-03 8.637573289857598535e-01
1.863081635100439191e-03 8.631790340691659624e-01
1.901073341636471802e-03 8.625952186853859116e-01
1.939853995635689408e-03 8.620058424429928312e-01
1.979201203851221370e-03 8.614100288982776688e-01
2.019022459387053662e-03 8.608077003741048117e-01
2.059480054320246903e-03 8.601987808698171589e-01
2.100442188946585482e-03 8.595841685238350127e-01
2.141952937662626715e-03 8.589629167124697151e-01
2.184300990305349573e-03 8.583349106557275343e-01
2.227334906284344097e-03 8.577001096530300073e-01
2.271193828577084024e-03 8.570584432344787729e-01
2.316041751972067967e-03 8.564098683737774165e-01
2.361671448800485140e-03 8.557543386559079979e-01
2.408444758561541742e-03 8.550917479877814253e-01
2.455933588436393349e-03 8.544221243836420676e-01
2.504664022574924331e-03 8.537453494208399052e-01
2.554475259607455386e-03 8.530613968406756120e-01
2.605380963771055606e-03 8.523690429975152583e-01
2.657466092461198675e-03 8.516693312064571586e-01
2.710600547656193040e-03 8.509622615425594949e-01
2.764947429996733770e-03 8.502476963064329318e-01
2.820484822025052900e-03 8.495243787919247724e-01
2.877154625540188915e-03 8.487934573688095119e-01
2.934827440730033727e-03 8.480549031019464223e-01
2.994149106495728671e-03 8.473073309868501823e-01
3.054795721076421135e-03 8.465506132896651881e-01
3.116091175494542162e-03 8.457860457883167316e-01
3.179311746608373419e-03 8.450135211641721655e-01
3.244235836093871048e-03 8.442316471483771734e-01
3.309980517767380313e-03 8.434402884779031995e-01
3.378090459930816348e-03 8.426407030535859599e-01
3.446748463189466295e-03 8.418315229875054095e-01
3.517483987996021435e-03 8.410139587043171661e-01
3.589523123500356922e-03 8.401864524357237629e-01
3.663147149648996598e-03 8.393489947340755375e-01
3.738170141768686928e-03 8.385014004718641667e-01
3.816055770355620061e-03 8.376434548647835321e-01
3.894479554707880927e-03 8.367768339000913880e-01
3.975422514733813889e-03 8.358998158348680541e-01
4.057243599619809842e-03 8.350122669683777143e-01
4.142452952640430543e-03 8.341138376270779142e-01
4.228698843509409375e-03 8.332047351828211212e-01
4.317999187734206101e-03 8.322846323406568603e-01
4.408597347282283002e-03 8.313535313055714360e-01
4.500808548054288823e-03 8.304112114453739979e-01
4.596187463724168282e-03 8.294575321441896021e-01
4.693228081262658738e-03 8.284924320808491061e-01
4.792932229710243630e-03 8.275157106091058923e-01
4.894727872624337998e-03 8.265253461132434643e-01
4.998906457985641608e-03 8.255249428063039518e-01
5.105324066597268125e-03 8.245125810566239499e-01
5.214544445293551808e-03 8.234860296171208072e-01
5.326435514885985434e-03 8.224471314542930456e-01
5.440391062323946501e-03 8.213958051764953527e-01
5.557957845856617042e-03 8.203295701942382445e-01
5.677193338222784498e-03 8.192528935410144930e-01
5.800224744607402304e-03 8.181609506732192560e-01
5.925856423347789295e-03 8.170537393338381804e-01
6.054327151538004340e-03 8.159354646404179956e-01
6.185959365303119774e-03 8.148014398591135743e-01
6.320882997384130904e-03 8.136514200643876205e-01
6.458573324437900595e-03 8.124876319518298251e-01
6.600238245275296192e-03 8.113098309712638567e-01
6.744757538456882043e-03 8.101154140373224566e-01
6.893332959880042916e-03 8.089067528380345928e-01
7.045712563821413150e-03 8.076809451626659753e-01
7.200977342188531749e-03 8.064404150254729231e-01
7.360471884014735053e-03 8.051823616853107657e-01
7.524711827236769436e-03 8.039090117975686844e-01
7.692203864600948883e-03 8.026176469804761071e-01
7.863723640065762091e-03 8.013108105522921409e-01
8.039154266769377166e-03 7.999854424350968385e-01
8.220108251999216908e-03 7.986409596221266671e-01
8.404895887163163146e-03 7.972805084131149300e-01
8.594528021233930129e-03 7.959006112487726492e-01
8.788983174601194825e-03 7.945010140718516967e-01
8.987627958111752899e-03 7.930845281342007169e-01
9.191588432715456017e-03 7.916478835226691269e-01
9.400858157339301094e-03 7.901906859087717283e-01
9.615304043961081168e-03 7.887125663063682124e-01
9.834609932014692218e-03 7.872169084801304839e-01
1.005917144471576985e-02 7.856996612003965819e-01
1.029068549107725605e-02 7.841602874701710801e-01
1.052790513451055086e-02 7.825989752362240148e-01
1.077073456964584494e-02 7.810150168602325582e-01
1.101993992282698613e-02 7.794121382818707255e-01
1.127580664784144822e-02 7.777820718818211354e-01
1.153828984829259607e-02 7.761325526118285634e-01
1.180659924049293902e-02 7.744592925182961496e-01
1.208318124346772354e-02 7.727617374380227888e-01
1.236458268516659083e-02 7.710398569909620026e-01
1.265518112901275853e-02 7.692925437859620130e-01
1.295283016602780460e-02 7.675199198814234292e-01
1.325739781499456205e-02 7.657217104146544218e-01
1.357089213816327702e-02 7.638971880350285959e-01
1.389151399247978702e-02 7.620462333435739088e-01
1.422053688832610428e-02 7.601683316746011831e-01
1.456016887789328418e-02 7.582631399380034276e-01
1.490750720722166731e-02 7.563303166867291205e-01
1.526345587182784645e-02 7.543640976016143807e-01
1.562922775523877678e-02 7.523744141785594364e-01
1.600460181806067847e-02 7.503553627933281511e-01
1.639018549426344770e-02 7.483018959106861878e-01
1.678492163558778505e-02 7.462234866686919821e-01
1.719215171066843656e-02 7.441090705939554795e-01
1.760854694810666879e-02 7.419638392942997651e-01
1.803659600324934026e-02 7.397871194642108295e-01
1.847430937173242735e-02 7.375787119800030212e-01
1.892547118989954674e-02 7.353318424398795905e-01
1.938613816078012947e-02 7.330582780190008085e-01
1.986274811893973605e-02 7.307449177365205051e-01
2.035021687154960068e-02 7.283982166967286620e-01
2.085304888201920323e-02 7.260101007355208580e-01
2.136622492124288022e-02 7.235937179154545706e-01
2.189503868496365385e-02 7.211351998884434344e-01
2.243576650004240267e-02 7.186407728610556545e-01
2.299312297886347070e-02 7.161027350268891478e-01
2.356585160464788262e-02 7.135273608526782052e-01
2.415334922413963498e-02 7.109142849771160622e-01
2.475554433975347621e-02 7.082625584577809663e-01
2.537479264536656245e-02 7.055651688120947451e-01
2.601144964448566174e-02 7.028286361929997339e-01
2.666538515601378154e-02 7.000437996333529478e-01
2.733830371093970077e-02 6.972185740099895446e-01
2.802692567716237940e-02 6.943525173840325859e-01
2.873257507088607804e-02 6.914444647729987015e-01
2.946092384759152819e-02 6.884768821575837361e-01
3.020650210568526228e-02 6.854756337689846823e-01
3.097209988334752653e-02 6.824214187516285390e-01
3.175795315211078773e-02 6.793232660334275197e-01
3.256522229045974437e-02 6.761704519553962678e-01
3.339709650530223173e-02 6.729632635890880898e-01
3.425014873854229785e-02 6.697185802583526248e-01
3.512696794735066519e-02 6.664082050178964378e-01
3.602142158944343642e-02 6.630601172021717282e-01
3.694750156236577959e-02 6.596438013900610686e-01
3.789138693588944840e-02 6.561893263289726441e-01
3.886469768704496619e-02 6.526645717118685353e-01
3.986102160297860103e-02 6.490907342684199000e-01
4.088193934184210232e-02 6.454661202278143550e-01
4.192901709928320564e-02 6.417797634613596758e-01
4.299992103887437939e-02 6.380302515611695480e-01
4.409825506758798669e-02 6.342293582894413806e-01
4.522274501052763601e-02 6.303745088420118492e-01
4.637578501133846065e-02 6.264437644781059022e-01
4.756159775647560845e-02 6.224585082326332675e-01
4.878139331301466902e-02 6.184197381933882465e-01
5.003759767662228214e-02 6.143131948090956307e-01
5.134311558677323584e-02 6.101382456310873170e-01
5.269384146168588218e-02 6.059069892055810591e-01
5.411239234631021883e-02 6.016032370404101881e-01
5.557352270519914927e-02 5.972307227536391983e-01
5.707798379313160086e-02 5.927875441679126833e-01
5.863123673472218911e-02 5.882846586670660294e-01
6.022679558117272069e-02 5.837236944877093325e-01
6.185621070115047276e-02 5.790767303992432335e-01
6.350534542281831285e-02 5.743740571316852117e-01
6.519836399971438989e-02 5.695935674231824564e-01
6.693298561505808819e-02 5.647560295703684119e-01
6.871048094975512610e-02 5.598271264630253485e-01
7.050047457093445991e-02 5.548431684109519368e-01
7.234729960545208116e-02 5.497972639587512811e-01
7.425342406486795666e-02 5.446575256167731638e-01
7.619572443731556510e-02 5.394601991763092741e-01
7.821118933579061794e-02 5.341850683052420390e-01
8.027201697987754181e-02 5.288343448131130886e-01
8.239155611736788398e-02 5.234063932781541917e-01
8.455166856945804665e-02 5.179216763601506290e-01
8.675581499105715355e-02 5.123601104599135869e-01
8.902247200182791809e-02 5.067236216935041559e-01
9.134471134959287753e-02 5.010096337070948369e-01
9.373044610906924867e-02 4.952187995387184460e-01
9.616584141356787629e-02 4.893738962959400252e-01
9.866515384080778994e-02 4.834540048910598298e-01
1.012350260019422854e-01 4.774362952321763998e-01
1.038605648878453136e-01 4.713681578569298147e-01
1.065344672771539047e-01 4.652508934695485654e-01
1.092816729292609701e-01 4.590392439704660821e-01
1.120969310923426165e-01 4.527590847586963063e-01
1.149612152759380418e-01 4.464318096732655672e-01
1.179137488088060903e-01 4.400115182845763528e-01
1.209225218654521594e-01 4.335508336360955894e-01
1.239877875592872297e-01 4.270248401545382322e-01
1.271236571444281926e-01 4.204377215268761403e-01
1.303306061948211192e-01 4.137866963610793980e-01
1.336140664531714484e-01 4.070785252832069268e-01
1.369557698167296611e-01 4.003102824838586371e-01
1.403645760503490769e-01 3.935168046003364450e-01
1.438604276645038815e-01 3.866430217151673454e-01
1.474366885129161919e-01 3.797186466761511836e-01
1.510450198956272971e-01 3.727776136997996148e-01
1.547234026103923576e-01 3.657675504887855089e-01
1.584692487866272426e-01 3.587454716794676313e-01
1.623189994501907651e-01 3.516553585530700632e-01
1.662102989026558730e-01 3.445608763663270957e-01
1.701798391131969512e-01 3.374094994406786063e-01
1.742087320465116607e-01 3.302598942416626882e-01
1.783138948371685018e-01 3.230881485416889909e-01
1.824940975282134392e-01 3.158708223852121355e-01
1.867188792121866059e-01 3.086688757946303707e-01
1.910301510637061606e-01 3.014271398212269859e-01
1.953870961884895951e-01 2.942152490703330292e-01
1.998087935194692855e-01 2.869982917127417155e-01
2.043140668409546279e-01 2.797604293038517542e-01
2.088561814551105345e-01 2.725622896460415667e-01
2.134688500502999742e-01 2.653509147112206867e-01
2.181423236194389437e-01 2.581603512409408330e-01
2.228520933716527652e-01 2.510245708203141524e-01
2.276492051929202287e-01 2.438902533313562493e-01
2.325206456203894045e-01 2.367909840863055282e-01
2.374250275974451596e-01 2.297353977447679219e-01
2.423326585718775794e-01 2.227589439127154181e-01
2.473054518702087479e-01 2.158059138491849327e-01
2.523442724949255811e-01 2.088861391684963265e-01
2.574087162705595011e-01 2.020565320724232450e-01
2.625113996602028710e-01 1.952972234177556277e-01
2.676494947867973373e-01 1.886137049338654226e-01
2.728501242570915974e-01 1.819826059724189982e-01
2.780454478000902729e-01 1.754670175831412327e-01
2.832660296555384871e-01 1.690157905963800555e-01
2.885026470568058943e-01 1.626604138650367404e-01
2.937724469088713874e-01 1.564087054029259793e-01
2.990565481539688153e-01 1.502622122751383349e-01
3.043459840065297906e-01 1.442307257503488704e-01
3.096778605567642173e-01 1.382867239582236951e-01
3.150064240200834420e-01 1.324919616137395229e-01
3.203586180508428138e-01 1.267953766737136556e-01
3.256928476007976414e-01 1.212312205738081822e-01
3.309804957617496490e-01 1.158256888068817797e-01
3.362887254138325899e-01 1.105100757145142942e-01
3.415625873069019769e-01 1.053574150595712328e-01
3.468455222367226587e-01 1.003479137667040583e-01
3.521365635745059008e-01 9.545914444886820227e-02
3.573832022927721508e-01 9.072019657404092885e-02
3.625994306270643452e-01 8.613492494284760714e-02
3.677882789327374669e-01 8.169992819603252854e-02
3.729426748943343584e-01 7.742169386830347055e-02
3.780712172952296890e-01 7.327697701833947586e-02
3.831529429830941580e-01 6.929244139213017184e-02
3.882036647557913778e-01 6.546531873082291064e-02
3.932175486750782434e-01 6.179567008532422384e-02
3.982228046406970923e-01 5.826745112974231200e-02
4.031536378138279586e-01 5.491319686707440972e-02
4.080403167844718348e-01 5.170060760917833537e-02
4.128606661906555342e-01 4.864482091408238451e-02
4.176329335273035737e-01 4.572859387548704885e-02
4.223127255453475448e-01 4.297973306124652088e-02
4.269339237881898397e-01 4.037025999252802366e-02
4.314871214643049568e-01 3.791363488904438139e-02
4.360738534474422057e-01 3.559513250585154276e-02
4.406124777310169160e-01 3.343372951972232304e-02
4.450369781136576663e-01 3.140541691528010715e-02
4.493498501362086506e-01 2.951823263977300729e-02
4.536440596064359454e-01 2.776284189465235211e-02
4.578615294149895876e-01 2.614860056776598107e-02
4.620028467226075519e-01 2.465771707486862432e-02
4.660432360380202810e-01 2.329558906142656025e-02
4.701068090759807361e-01 2.205178686034578797e-02
4.741518975117622325e-01 2.093066853485699499e-02
4.780369719603780876e-01 1.992573925168471954e-02
4.817675114299271311e-01 1.903405357328164654e-02
4.854924675557950597e-01 1.824748499794185894e-02
4.891808460651836943e-01 1.756929822385421350e-02
4.927964791651718857e-01 1.699089044258922376e-02
4.963583155154125959e-01 1.650901144370923654e-02
4.998186640060618968e-01 1.612258128277276048e-02
5.032504355732122514e-01 1.581923130673078617e-02
5.065886884031384207e-01 1.560505305998222819e-02
5.098776784468798118e-01 1.547097104165123284e-02
5.131065539027390709e-01 1.541117987940837132e-02
5.162986934814673967e-01 1.542724790719395347e-02
5.194265579362935537e-01 1.550936993602616311e-02
5.224878571541269334e-01 1.565872718838711222e-02
5.254724058708023504e-01 1.586885315259033494e-02
5.283983767019652111e-01 1.613730315968483348e-02
5.312444561074528560e-01 1.645823249490266371e-02
5.340093913124340785e-01 1.683109007518749506e-02
5.367427815996742568e-01 1.724989454561634550e-02
5.394479194815162693e-01 1.771100970363121210e-02
5.421386501488900667e-01 1.821126515515019556e-02
5.448239135487343843e-01 1.874707741066618250e-02
5.474042635497594622e-01 1.931777162445920751e-02
5.498283822239240504e-01 1.991676176602266007e-02
5.522096743353055448e-01 2.054140001646199629e-02
5.546290262959732154e-01 2.119285194249589249e-02
5.570013508165674310e-01 2.186137912992800608e-02
5.593579941881027251e-01 2.255822639706916641e-02
5.616510098930777017e-01 2.326158180762716299e-02
5.638925892573392051e-01 2.397822256883366809e-02
5.661045870436374194e-01 2.471469191184203634e-02
5.682721098793245273e-01 2.545233121956595040e-02
5.704044830774803732e-01 2.619798259579378050e-02
5.725040492776058976e-01 2.694693527600391242e-02
5.745838273858446810e-01 2.770142724845256130e-02
5.766297574110503810e-01 2.845502579972681440e-02
5.786275762408001899e-01 2.920618764600554917e-02
5.805792883177953723e-01 2.995632570025949515e-02
5.825134565917279295e-01 3.070502106786522634e-02
5.844464375901270436e-01 3.144158429456960641e-02
5.863544382656422638e-01 3.217366308553961524e-02
5.882242026267512358e-01 3.289564595083324661e-02
5.900732467912983559e-01 3.361014322053994252e-02
5.918849993360145723e-01 3.430792861698245266e-02
5.936815364715000154e-01 3.500079707045433697e-02
5.954176865091018733e-01 3.567386848466629068e-02
5.971367642465222891e-01 3.633648972949549832e-02
5.988798341909934431e-01 3.698636001704978804e-02
6.006129192943230333e-01 3.761870689074017088e-02
6.023088419266234839e-01 3.822790495388171672e-02
6.039724678963954707e-01 3.882858243888610145e-02
6.056167681493358490e-01 3.941361927370602009e-02
6.072264185152117522e-01 3.997583535722748493e-02
6.088302703611943034e-01 4.052124811697626477e-02
6.104018339800912907e-01 4.104711009012547429e-02
6.119820704689141744e-01 4.155707842593576312e-02
6.135675428806436349e-01 4.204924860676485798e-02
6.151419664079343930e-01 4.251996211773420575e-02
6.167123193895065469e-01 4.297445694511532743e-02
6.182140721905878822e-01 4.341338357348425991e-02
6.196642791802540184e-01 4.382617921616503015e-02
6.211624290760077161e-01 4.422133672502519958e-02
6.227068913730593458e-01 4.459730917841620013e-02
6.242160480351379714e-01 4.495970994632213918e-02
6.256840365501683543e-01 4.529537875643373235e-02
6.271390146035121793e-01 4.561956060003517083e-02
6.285796633197225924e-01 4.592150845455522656e-02
6.300147958209930676e-01 4.620851405407582629e-02
6.314505033804084233e-01 4.648132554903543906e-02
6.328796996482711767e-01 4.673159226020014156e-02
6.343162759576399523e-01 4.696463751455744878e-02
6.357032061194484163e-01 4.718541048372744406e-02
6.370278553065705784e-01 4.738540630875692772e-02
6.383936940634780122e-01 4.756840870865657739e-02
6.398231812427113141e-01 4.772801747363657893e-02
6.412318509607967121e-01 4.786747423852016209e-02
6.426249924124678436e-01 4.799137016317857329e-02
6.439455059052852093e-01 4.808971455458697225e-02
6.452432415933200271e-01 4.816797370397617184e-02
6.463918417368427205e-01 4.823397928970808712e-02
6.473264387560665467e-01 4.828208326946788198e-02
6.483362344179839365e-01 4.831642308244049611e-02
6.495448744150618126e-01 4.833651341346154040e-02
6.508471638767144851e-01 4.835182076647279864e-02
6.522535977661351181e-01 4.835939955908891835e-02
6.536382560988422963e-01 4.835706882932315487e-02
6.549436589931740826e-01 4.835633531673155794e-02
6.562376053729088721e-01 4.834474064892201051e-02
6.575916616363870482e-01 4.833024858374087435e-02
6.589139476149855623e-01 4.831139229103131871e-02
6.601534392083223679e-01 4.828512147542152882e-02
6.613951296701829907e-01 4.825646883540017640e-02
6.626745702773352287e-01 4.821499480314249408e-02
6.639638345853393631e-01 4.817345373724142565e-02
6.652820662374867577e-01 4.812042183151581110e-02
6.665510516296360155e-01 4.806179155782364099e-02
6.676649580046645216e-01 4.799777699711522960e-02
6.687460914269278689e-01 4.792867832886623519e-02
6.698680735990775181e-01 4.785661566559933772e-02
6.710384199246197667e-01 4.778044552207538070e-02
6.722995028860113687e-01 4.770319100485522629e-02
6.735762322838130256e-01 4.761899643953521749e-02
6.747916292641233937e-01 4.753743325664399472e-02
6.759701950587762020e-01 4.745382689429057665e-02
6.770929752796660539e-01 4.736943976079115159e-02
6.781937431645934655e-01 4.728351450523380489e-02
6.792787345204966964e-01 4.719467362947218914e-02
6.803643901249522008e-01 4.710962022008571837e-02
6.814312997796025950e-01 4.702553127971784847e-02
6.824862688085122642e-01 4.693921269786636291e-02
6.835806379193200000e-01 4.685910673174020769e-02
6.846976712633596751e-01 4.678170032461660688e-02
6.857484073984959627e-01 4.670609228162887067e-02
6.867618253916865090e-01 4.663229133831538198e-02
6.878274153746073427e-01 4.656315995032291738e-02
6.889130110110273097e-01 4.649825112330600863e-02
6.898750979360385172e-01 4.643559306807324566e-02
6.907631309895665428e-01 4.637462030388572742e-02
6.916791009820342229e-01 4.631916743603080311e-02
6.926106699380403242e-01 4.626883095536592216e-02
6.936346132652715379e-01 4.622693846321350442e-02
6.947410531208395579e-01 4.618973290814146898e-02
6.957212939270394081e-01 4.615740690210174552e-02
6.965657443145745198e-01 4.612844382734863913e-02
6.974123447374911411e-01 4.610574194869645342e-02
6.982432353369575351e-01 4.608603236524946856e-02
6.991806493039948167e-01 4.607954268603001169e-02
7.002148800162730780e-01 4.608260029381205936e-02
7.011296766474898190e-01 4.608725556351418728e-02
7.018952400425103599e-01 4.609657962192875019e-02
7.027133000594880663e-01 4.611480939578183058e-02
7.035945739746090055e-01 4.614141372360208021e-02
7.044040678343630457e-01 4.617292008017087612e-02
7.051126185118190559e-01 4.621018045482234993e-02
7.058517419767678103e-01 4.625491076016587794e-02
7.066286677047872722e-01 4.630873242187811406e-02
7.073958636807099465e-01 4.637089534513801070e-02
7.081512963509725145e-01 4.644253610812270477e-02
7.088860315415965729e-01 4.651959599779195015e-02
7.096139009207912407e-01 4.660487090851796188e-02
7.103029705826662266e-01 4.669637174849496780e-02
7.109519566245445787e-01 4.679482371213616876e-02
7.116017837430641535e-01 4.690206113807101479e-02
7.122862841112681531e-01 4.701859675993103754e-02
7.129627439227436136e-01 4.714368519009878161e-02
7.136179350457699799e-01 4.727488616348737155e-02
7.142719288375340980e-01 4.741466191796457619e-02
7.149707167902302762e-01 4.756472803540652550e-02
7.156321667934812947e-01 4.772056081814535916e-02
7.162254449450730087e-01 4.788062781787553318e-02
7.167885785155898581e-01 4.804701665272945177e-02
7.173280545991491675e-01 4.822005524411770994e-02
7.178742721209288025e-01 4.839938506363478110e-02
7.185053662112036443e-01 4.859156981146695725e-02
7.191085926641613835e-01 4.878947403830565660e-02
7.196249996683496963e-01 4.898857874590031858e-02
7.201317239572502249e-01 4.919466648129616065e-02
7.207029888705708265e-01 4.941002656965391010e-02
7.212740566357497274e-01 4.963231013344967385e-02
7.217497777267256609e-01 4.985581558742283731e-02
7.222234004351221204e-01 5.008593525498685611e-02
7.228218022285224365e-01 5.032828348279834441e-02
7.234360735563677425e-01 5.057818492217988626e-02
7.239269596921978911e-01 5.082655766442928380e-02
7.243502796262631938e-01 5.107465789719461274e-02
7.247537405403087218e-01 5.132726154558302223e-02
7.251339746905797190e-01 5.158189543182648690e-02
7.254911680072633207e-01 5.183976701061516340e-02
7.258378894146980675e-01 5.210230435077258665e-02
7.263116055853492403e-01 5.237784291376873513e-02
7.268379637332539334e-01 5.265913542967820549e-02
7.272231697573146025e-01 5.293530365013076472e-02
7.275286434088531484e-01 5.321112240835911694e-02
7.279460196109464043e-01 5.349550158698367780e-02
7.284051339245123380e-01 5.378619173816141796e-02
7.287671644138845606e-01 5.407384842142338999e-02
7.290568867965235844e-01 5.435741337011629898e-02
7.293641128987907729e-01 5.464568224630859256e-02
7.296882950104709442e-01 5.493697305422390320e-02
7.301051705386936153e-01 5.523437586784185616e-02
7.305941626840831704e-01 5.553884189380622199e-02
7.309660570934535251e-01 5.583778520109149157e-02
7.312757566334028292e-01 5.613351137102533250e-02
7.316214200741620877e-01 5.643062347398864614e-02
7.320134367965923650e-01 5.673196144799678292e-02
7.323371552761260839e-01 5.702693365859198837e-02
7.326087562135965570e-01 5.732140860674534572e-02
7.329194154784117732e-01 5.761640723116842611e-02
7.332647828067658802e-01 5.791120728952520169e-02
7.335810950055430268e-01 5.820651985786261251e-02
7.338474502833909341e-01 5.849549869025406218e-02
7.341483950538087999e-01 5.878618705589831739e-02
7.344863018090144191e-01 5.907666471606973918e-02
7.348064372808559286e-01 5.936411270788966021e-02
7.351012071549324345e-01 5.964853156320194111e-02
7.354424529493012175e-01 5.993441480968935559e-02
7.358266445476807638e-01 6.021890097021716237e-02
7.362022200111131287e-01 6.050079725434973771e-02
7.365237022962495272e-01 6.077679215888655978e-02
7.368868494271014757e-01 6.105076354275442568e-02
7.373412018130275358e-01 6.133011151533989541e-02
7.376863715179614589e-01 6.159497766595929680e-02
7.378457933183953932e-01 6.184731006912905921e-02
7.380792909720175210e-01 6.209894035491059228e-02
7.385186711171346507e-01 6.235998353427973234e-02
7.389299204501776908e-01 6.261559188843386636e-02
7.391822744586763472e-01 6.285752124463936386e-02
7.394751964470472894e-01 6.309602473966056946e-02
7.399030929531359435e-01 6.333838591441302845e-02
7.402970845836651659e-01 6.357251630156854350e-02
7.405406035342158022e-01 6.379530492533468100e-02
7.408047836079508786e-01 6.401310164018986226e-02
7.412358460724407516e-01 6.423559843635426314e-02
7.416729150834099338e-01 6.445213315757419847e-02
7.419974038886032464e-01 6.465900338413527182e-02
7.423109408824187794e-01 6.485862744583793804e-02
7.427120761464796050e-01 6.505639848520677893e-02
7.431103191576404754e-01 6.525032645187808789e-02
7.433655768788312024e-01 6.542958197225197392e-02
7.436319273049117884e-01 6.560441596603133751e-02
7.440338846803680184e-01 6.578075127324606308e-02
7.444801890981469494e-01 6.595249426013669036e-02
7.448608627837053353e-01 6.611507138269810679e-02
7.452377200198627705e-01 6.627052354982776450e-02
7.457245446541833633e-01 6.642712850273330139e-02
7.462212812511129778e-01 6.657498353650902201e-02
7.465770517048424537e-01 6.671194914706025936e-02
7.468763311459808429e-01 6.683880626360005905e-02
7.471859328890546603e-01 6.695990989322209153e-02
7.475142330689004133e-01 6.707688346161011506e-02
7.479207813123497361e-01 6.718934014283731160e-02
7.483697215618781984e-01 6.729750227742080371e-02
7.487392526875576992e-01 6.739858815012567117e-02
7.490717370715620493e-01 6.748906435930816794e-02
7.494363895130746744e-01 6.757723019051647961e-02
7.498349423816323966e-01 6.766044693149171618e-02
7.503024111271250352e-01 6.773838416669299145e-02
7.508147250213846879e-01 6.781367852783760919e-02
7.511941072316389301e-01 6.787851313346186799e-02
7.514978564258594229e-01 6.793411806664283181e-02
7.519188578989494109e-01 6.798847385505256413e-02
7.524426529746132131e-01 6.804159053380327837e-02
7.529138158217633103e-01 6.808296021960032196e-02
7.533606104187341446e-01 6.812090129090046797e-02
7.537721879244495549e-01 6.815260800186759282e-02
7.541630606045067742e-01 6.817436952992447785e-02
7.546060183452437675e-01 6.819642091250575910e-02
7.550941909148152220e-01 6.821067250059204001e-02
7.555504402744613879e-01 6.822202043355224399e-02
7.559613306495251983e-01 6.822378330936335056e-02
7.563840963729113742e-01 6.822501400810070116e-02
7.568316387443760895e-01 6.821718743120537554e-02
7.572066568223964067e-01 6.820377215711063978e-02
7.574937492653943671e-01 6.818787782400280439e-02
7.578431948607211588e-01 6.816387123218813071e-02
7.582719685083314509e-01 6.814312036928314720e-02
7.587301347630756032e-01 6.811399260906982056e-02
7.592198456978331844e-01 6.808661235696877867e-02
7.597194956298302104e-01 6.805087258958673890e-02
7.602425415902182015e-01 6.801604795568809425e-02
7.607148631223122903e-01 6.797192640679169950e-02
7.611087958092330741e-01 6.792791367873073083e-02
7.615283634314050643e-01 6.787696125972876582e-02
7.620289401355476722e-01 6.782327716398509065e-02
7.625701647459018906e-01 6.777371261415217341e-02
7.631766555906800420e-01 6.771714106344910167e-02
7.637093083009296457e-01 6.765621065448490512e-02
7.640399049090740302e-01 6.759044273030971606e-02
7.643777204005779424e-01 6.752306660237653024e-02
7.648481276226938297e-01 6.744930888508236799e-02
7.652863654577599650e-01 6.737886377195484444e-02
7.655615272666416171e-01 6.730622224352594829e-02
7.658792255519180081e-01 6.723365758040548978e-02
7.663533537363523829e-01 6.715331461011718461e-02
7.668674244055385669e-01 6.708049806289168027e-02
7.674002494399732033e-01 6.700497383469947166e-02
7.678778083257670195e-01 6.693740018666760605e-02
7.682205417782568269e-01 6.686101277399975062e-02
7.685311382612446396e-01 6.679081593806836248e-02
7.688880846926015034e-01 6.672233616182952909e-02
7.692833487690151628e-01 6.665480088398018088e-02
7.697860075365741128e-01 6.658887344426187016e-02
7.703137346710989819e-01 6.652996423779818091e-02
7.707703159977962182e-01 6.647979162013673005e-02
7.711946163801564058e-01 6.642518319477520861e-02
7.715802396415066822e-01 6.637058237074021372e-02
7.719408119090609421e-01 6.632653941274131715e-02
7.723164976668634996e-01 6.628406650486318163e-02
7.726984118883808428e-01 6.624472351216262322e-02
7.730701224302861663e-01 6.620869796831144183e-02
7.734523933211435720e-01 6.617553708212278729e-02
7.738556803978000609e-01 6.614421305648818250e-02
7.742581566961744821e-01 6.611841128769550824e-02
7.746499769129242541e-01 6.609554923943007643e-02
7.750100298198095983e-01 6.607552718571457762e-02
7.753091658328168378e-01 6.605313306900574555e-02
7.755926221500751838e-01 6.603482305398591934e-02
7.759608813371248193e-01 6.602081793355578376e-02
7.763882115173591503e-01 6.600967772138519041e-02
7.767847110999686056e-01 6.599801044177941445e-02
7.771774207426699332e-01 6.599676658174037647e-02
7.775319936770961338e-01 6.599486239684430877e-02
7.778650391151682442e-01 6.599716115309463282e-02
7.781581624830368193e-01 6.600470367204550048e-02
7.784003690358246574e-01 6.601706660671297078e-02
7.786826944733319378e-01 6.603831059280854121e-02
7.789875879228708166e-01 6.605529093210453506e-02
7.792885628815277022e-01 6.608673836853393158e-02
7.795924719884559373e-01 6.611526636970807558e-02
7.799156845986255915e-01 6.616008233017682538e-02
7.802544704564768896e-01 6.621069395019378578e-02
7.804395034029404377e-01 6.626071625885544825e-02
7.804657570909167008e-01 6.632829622163737004e-02
7.806734087068664119e-01 6.639924332301166965e-02
7.810960590129861769e-01 6.646990041152980866e-02
7.813936977176042520e-01 6.655686110969361025e-02
7.815152062503807340e-01 6.665195233912234174e-02
7.816320289712486158e-01 6.674701048049687391e-02
7.817664015282814738e-01 6.685797418313972618e-02
7.820274567290882439e-01 6.697780190093212405e-02
7.825152255955335479e-01 6.709980913165437821e-02
7.828464490547044630e-01 6.722829034390589986e-02
7.828874618513157468e-01 6.737161598735720569e-02
7.829711367549803125e-01 6.752307154952792712e-02
7.832017993075010009e-01 6.767556208629992021e-02
7.833893723169562673e-01 6.784489908966236105e-02
7.834631370583912124e-01 6.802232494080442948e-02
7.834962813119297209e-01 6.820089341882586143e-02
7.834785799987977750e-01 6.839814595087821691e-02
7.835351509984802565e-01 6.860145536875715544e-02
7.837642978810920313e-01 6.880705081794284694e-02
7.839848289662154635e-01 6.903019495016489426e-02
7.841030301370650601e-01 6.925989589185804762e-02
7.841771805324367905e-01 6.950391947721452912e-02
7.842432225929096834e-01 6.975281215279864611e-02
7.842629697768314090e-01 7.000197089321823218e-02
7.842103925155982092e-01 7.027146742991488559e-02
7.841632155414763883e-01 7.055171061772910757e-02
7.842421979413894961e-01 7.083788188071660219e-02
7.843235358616199582e-01 7.113275483303735380e-02
7.842670040048634883e-01 7.143104051219202610e-02
7.841768719690317413e-01 7.174684554190660646e-02
7.841174040273184431e-01 7.207318483853025759e-02
7.840946398084318592e-01 7.240469706402838379e-02
7.841305848408163248e-01 7.274279286559194591e-02
7.841750265156396393e-01 7.309454664210149333e-02
7.841092549901861330e-01 7.345484916768188488e-02
7.840133656892219749e-01 7.381858967171908703e-02
7.839721720299863694e-01 7.419479527406738772e-02
7.839440719119802337e-01 7.458081094307018877e-02
7.838690266494419134e-01 7.497549193162206249e-02
7.837577312904168148e-01 7.537476270719706273e-02
7.836310768313254904e-01 7.578814847321774240e-02
7.835039137055971326e-01 7.621322691966393725e-02
7.834762223909591539e-01 7.664246438678128104e-02
7.834783242553682303e-01 7.708127769015554742e-02
7.832915760909364700e-01 7.753400237189118915e-02
7.829887381418481063e-01 7.798140089920069240e-02
7.827966817807990862e-01 7.844705630400018725e-02
7.826641602562253164e-01 7.892182055110470718e-02
7.825211802922686921e-01 7.939335572412101194e-02
7.823656728018616446e-01 7.988555332980311341e-02
7.821937622039148996e-01 8.038050680837094397e-02
7.820084324247879026e-01 8.088227754008815718e-02
7.818262718467307026e-01 8.140144786755729167e-02
7.816741449153173926e-01 8.190974333970317545e-02
7.814993922352746480e-01 8.243869199260771274e-02
7.812985727600803010e-01 8.297452597855106693e-02
7.810441525107685301e-01 8.351004487654491160e-02
7.807164418367172898e-01 8.405206757433407450e-02
7.804539529714606960e-01 8.459731830633474003e-02
7.802545331658652383e-01 8.515775922686859289e-02
7.800251215584024234e-01 8.572390524051017036e-02
7.797522154338183409e-01 8.629671184168731524e-02
7.795134827050105297e-01 8.686881439050599119e-02
7.792842696914489276e-01 8.745189443745562952e-02
7.790987453824110842e-01 8.803953774208481131e-02
7.789653350809673249e-01 8.863563792814758979e-02
7.787275915868155929e-01 8.923408518961541136e-02
7.783677790878507086e-01 8.982302010933602976e-02
7.779866106203422449e-01 9.042849823370997797e-02
7.775803456769967426e-01 9.102978094215539995e-02
7.772170501634444451e-01 9.164358097008760973e-02
7.769652541790167399e-01 9.226110215366567502e-02
7.767012544204301427e-01 9.288362476445427562e-02
7.764002566273640049e-01 9.350859845384436320e-02
7.761034567224767144e-01 9.412757673205487952e-02
7.758184688499226711e-01 9.476204813649827252e-02
7.755426886269538578e-01 9.539256160683740049e-02
7.752738638704420593e-01 9.602427649278005850e-02
7.749673121990224844e-01 9.666093535824946126e-02
7.745680626899043020e-01 9.729581484189619989e-02
7.741894083928804182e-01 9.793506626422039674e-02
7.738914097475231291e-01 9.857891917933046810e-02
7.736114757922868401e-01 9.921922488709958299e-02
7.732899511149511351e-01 9.986867589711780069e-02
7.729509609104538992e-01 1.005087469349547347e-01
7.725664186404670453e-01 1.011491090529069575e-01
7.721964218653285528e-01 1.017920187485140543e-01
7.718784190495355801e-01 1.024283524759674463e-01
7.715486993081854816e-01 1.030755719506190465e-01
7.711098362297335029e-01 1.037172428575890287e-01
7.706786313419703438e-01 1.043493934089123332e-01
7.703888261025384487e-01 1.049907740552368102e-01
7.701244305711216764e-01 1.056336584175883442e-01
7.697554799270813763e-01 1.062695591482513413e-01
7.693858095364443095e-01 1.069052144987887171e-01
7.691285909463316806e-01 1.075469700557832448e-01
7.688837586790541190e-01 1.081792389047849245e-01
7.685529617836402982e-01 1.088043988424609171e-01
7.681699724977263388e-01 1.094338447104958034e-01
7.678022270740605393e-01 1.100534302675611753e-01
7.674590509689449558e-01 1.106719383395003559e-01
7.671520692849640444e-01 1.112808588754382044e-01
7.668517463195162476e-01 1.118980070693349066e-01
7.665395142745066170e-01 1.125105008435528103e-01
7.662154149723137131e-01 1.131104424633056077e-01
7.658870038960474691e-01 1.137057904037795247e-01
7.655570777791607107e-01 1.143062835189817689e-01
7.653441751308497354e-01 1.149038280830025766e-01
7.652011132266067772e-01 1.154918110677154719e-01
7.648288857000037355e-01 1.160688440277115457e-01
7.643259506649506818e-01 1.166289336918472086e-01
7.640455639627999895e-01 1.171940937470125482e-01
7.639190890264914158e-01 1.177733320586678706e-01
7.636760222989944502e-01 1.183311107670176887e-01
7.633512867835093862e-01 1.188748893014820868e-01
7.630463858546091549e-01 1.194157105848111244e-01
7.627791423718267572e-01 1.199513582182966526e-01
7.624886643648856044e-01 1.204700671850993526e-01
7.621665687099727915e-01 1.209901002358584471e-01
7.619115161653059465e-01 1.214980913356300540e-01
7.616935823516477466e-01 1.220123774654435223e-01
7.614722602162825593e-01 1.225087174400988910e-01
7.612318762520620119e-01 1.229956653459200744e-01
7.609959025650303577e-01 1.234777997322308862e-01
7.607956229594262654e-01 1.239446494513020136e-01
7.606125006150938894e-01 1.244119104618876537e-01
7.604679792448556519e-01 1.248771424429025168e-01
7.603009452176553440e-01 1.253210702385908204e-01
7.600933046443947294e-01 1.257560728108612358e-01
7.598566838631908293e-01 1.261756019701450460e-01
7.595645249079361339e-01 1.265801303125254351e-01
7.593942427409325902e-01 1.269905434798659916e-01
7.594788714029607757e-01 1.274113919429605279e-01
7.594384818033630413e-01 1.278140051313989556e-01
7.591342489317047804e-01 1.281708573528774209e-01
7.588735462438767065e-01 1.285288841404741422e-01
7.587357066640725289e-01 1.288846097270239799e-01
7.586333239563326503e-01 1.292289713274701046e-01
7.584889632776782298e-01 1.295635289389467093e-01
7.584098432681450896e-01 1.298887677350704650e-01
7.584356828658885830e-01 1.302165174868090691e-01
7.584525315103098908e-01 1.305282718510145656e-01
7.583285310388293565e-01 1.308142494309942061e-01
7.582066299147148802e-01 1.310926528677485436e-01
7.581954657050339330e-01 1.313617630852975948e-01
7.581755427093894717e-01 1.316216113094062501e-01
7.581000146182311772e-01 1.318605946368771320e-01
7.580222837591988894e-01 1.320912959436965628e-01
7.580425820734139064e-01 1.323140322828233184e-01
7.580696787636744816e-01 1.325294251804096379e-01
7.580968581418856544e-01 1.327295014802084561e-01
7.581155130798592490e-01 1.329138524886098183e-01
7.580761181185533548e-01 1.330771775780979493e-01
7.580418148082407326e-01 1.332321803263520621e-01
7.581814078093385145e-01 1.333871540526508637e-01
7.583713131318400302e-01 1.335342984693995705e-01
7.584283697304099459e-01 1.336584281949462494e-01
7.584564404315399244e-01 1.337616623581258934e-01
7.584921080415232275e-01 1.338531546775892922e-01
7.585531077267876343e-01 1.339307602598138747e-01
7.586798898397745239e-01 1.340032272244069123e-01
7.588375925909598418e-01 1.340641318684111238e-01
7.589521625867035048e-01 1.341071906455791884e-01
7.590575091020559384e-01 1.341317806195785889e-01
7.592028636021780352e-01 1.341498400549474002e-01
7.593752341049483379e-01 1.341559577580974105e-01
7.595828039188908809e-01 1.341487327015540576e-01
7.598058709471409156e-01 1.341324274445432618e-01
7.599854116993922659e-01 1.340941706125233501e-01
7.601467075921312100e-01 1.340401793389590368e-01
7.603646194292159599e-01 1.339812732433943165e-01
7.606401269757614436e-01 1.339100495161048565e-01
7.608946298773412442e-01 1.338236743638960002e-01
7.611354358927149288e-01 1.337218737008936675e-01
7.613515722541803754e-01 1.336031148996680573e-01
7.615470058365120254e-01 1.334685467226661149e-01
7.618250713824078479e-01 1.333305191605986817e-01
7.621890110631344140e-01 1.331841165816277373e-01
7.625112643145524061e-01 1.330228340525552444e-01
7.628053228815465658e-01 1.328409647179095432e-01
7.631362262768109916e-01 1.326522145678041831e-01
7.634981450153531801e-01 1.324565866162593364e-01
7.638737022414585631e-01 1.322441459457210089e-01
7.642507836296337231e-01 1.320184913349090050e-01
7.645931678658912656e-01 1.317811477837296519e-01
7.649240103943243385e-01 1.315234873146982064e-01
7.652883017763202345e-01 1.312552707835581145e-01
7.656678543827218908e-01 1.309834574553055131e-01
7.661166413991843394e-01 1.307016102540153046e-01
7.666142007982426065e-01 1.304072315275250638e-01
7.670912661183244552e-01 1.301009507414722099e-01
7.674993333770501192e-01 1.297785353355460636e-01
7.679425389103734512e-01 1.294428699063620292e-01
7.684175934727790480e-01 1.290994134076640654e-01
7.688645619646123919e-01 1.287477504949557372e-01
7.692762356600244544e-01 1.283710951849411641e-01
7.697109606915664148e-01 1.279932911490818948e-01
7.702753157102648629e-01 1.276058711623592468e-01
7.708154479616569077e-01 1.272114800597545503e-01
7.712891059210154054e-01 1.267994930704422762e-01
7.717960210792174092e-01 1.263696030354465871e-01
7.723509080834066731e-01 1.259414334400589253e-01
7.728806552704567956e-01 1.255064764357105289e-01
7.733136371426980737e-01 1.250433066994404152e-01
7.737762406418936534e-01 1.245721528455834837e-01
7.743917698133176986e-01 1.241091300167656702e-01
7.750479550153687169e-01 1.236284402874144317e-01
7.756415615804050923e-01 1.231426766159921388e-01
7.762296026117218029e-01 1.226341340714517669e-01
7.767358536356936405e-01 1.221186381356775402e-01
7.772571431384842633e-01 1.215949809973672635e-01
7.779159172100911235e-01 1.210699492596706145e-01
7.786091173314223512e-01 1.205366515717040954e-01
7.792683920027027034e-01 1.199916433291217666e-01
7.799164050451924401e-01 1.194463638823298757e-01
7.805676741068611202e-01 1.188805650961860388e-01
7.811748382113312683e-01 1.183138152901679757e-01
7.817272501338160540e-01 1.177229574112984151e-01
7.822647846576021857e-01 1.171337946094271748e-01
7.829255175103400077e-01 1.165441670964561527e-01
7.836334229610614210e-01 1.159491493650886829e-01
7.842488451114748571e-01 1.153397980024112590e-01
7.848624378216247921e-01 1.147226628459185188e-01
7.855994763752494059e-01 1.141053473951608305e-01
7.863811712941617404e-01 1.134829462431048569e-01
7.871449793101198411e-01 1.128520758496985577e-01
7.878675008888760267e-01 1.122246497551382949e-01
7.885268304738390910e-01 1.115742361783859382e-01
7.891191371883836680e-01 1.109272173238648462e-01
7.898086824233864212e-01 1.102790062979318725e-01
7.905606296057392512e-01 1.096285866039632406e-01
7.912832085535299598e-01 1.089710242597304174e-01
7.919954544982831246e-01 1.083056338420581716e-01
7.927090362867871276e-01 1.076375089217419811e-01
7.934095361041284544e-01 1.069638472846006494e-01
7.941055681600311944e-01 1.062861290199244718e-01
7.947665482771592016e-01 1.056159943469441725e-01
7.954662307002421384e-01 1.049305926057270411e-01
7.961667344730251061e-01 1.042554548894417260e-01
7.968918592880387397e-01 1.035782484278307963e-01
7.976777256663966087e-01 1.028871281533305648e-01
7.984622963456066147e-01 1.022038870587918674e-01
7.992800668459241198e-01 1.015227810812660697e-01
8.000223977016754917e-01 1.008368651496833190e-01
8.006708585274534551e-01 1.001463175520128090e-01
8.013117859213371164e-01 9.946470127914093518e-02
8.019788175663886687e-01 9.877278414005277729e-02
8.027138437845700025e-01 9.808237381576247194e-02
8.035039043272339532e-01 9.740807029496764691e-02
8.042881934473773420e-01 9.671492873380507782e-02
8.050346674156442228e-01 9.603996290833353988e-02
8.057282451598426487e-01 9.536338835533680891e-02
8.063443677075659011e-01 9.468624915632270489e-02
8.069788189575994863e-01 9.400638359155902291e-02
8.076493400147468638e-01 9.333431486376811415e-02
8.083710565749411270e-01 9.266568390948178024e-02
8.091622023977581568e-01 9.200066549472914190e-02
8.099216464531421300e-01 9.133890834263122538e-02
8.105832998731113959e-01 9.068558521980307763e-02
8.112487442522230419e-01 9.002695473111389790e-02
8.119158081004146377e-01 8.938670831839116981e-02
8.125672366008437342e-01 8.873731079110298847e-02
8.131343512291485665e-01 8.809823797957301583e-02
8.137246202043281196e-01 8.747018224003139109e-02
8.144355772334196386e-01 8.685005030447875973e-02
8.151600889993626531e-01 8.623523932951206172e-02
8.158866901552471740e-01 8.562680531787886240e-02
8.165605313389703301e-01 8.501663879266388446e-02
8.171518477730685959e-01 8.441865910285836772e-02
8.176974784003055996e-01 8.383944646180652160e-02
8.182209678122600582e-01 8.325514746582406145e-02
8.187339690355830424e-01 8.269126489607421526e-02
8.192600827570182265e-01 8.211599842042180408e-02
8.198294236153015335e-01 8.156811842506669907e-02
8.205955968343152662e-01 8.103243892546921345e-02
8.213870177888431545e-01 8.049232269145931151e-02
8.219349874412424928e-01 7.997113109167792999e-02
8.223967302549120006e-01 7.945240191672942043e-02
8.229418079786633422e-01 7.895172447321190112e-02
8.234943383989901111e-01 7.846963127914162450e-02
8.240572071876429705e-01 7.799020910833810716e-02
8.245928704156668676e-01 7.752053891791994833e-02
8.249883535458514272e-01 7.706343031633383633e-02
8.253406953237725219e-01 7.661493941414769526e-02
8.257887342177061551e-01 7.618966318279890571e-02
8.263204125121299537e-01 7.576553991255254028e-02
8.268657991148371522e-01 7.536471360976640388e-02
8.274068182359939350e-01 7.497487287004840628e-02
8.277662025289288517e-01 7.459800396520950561e-02
8.280115497454866302e-01 7.423547333433830331e-02
8.284076359926310085e-01 7.387734129441009268e-02
8.288863268914473670e-01 7.353918869011544235e-02
8.293044110832503701e-01 7.321799273755055792e-02
8.296689323688627438e-01 7.292370647396820282e-02
8.299875804578794591e-01 7.263028688639724950e-02
8.302584401900614530e-01 7.235149271591338749e-02
8.305231835612852942e-01 7.209453971356562241e-02
8.307964678121421143e-01 7.185181633233914122e-02
8.310622980752579991e-01 7.161718320264577609e-02
8.313345778956682253e-01 7.141350083851039088e-02
8.316470531737237826e-01 7.121625434307599090e-02
8.319998121820798564e-01 7.103648469563782208e-02
8.322858920906990310e-01 7.087995690389789494e-02
8.324741211143293906e-01 7.073190466302188562e-02
8.327015531163876050e-01 7.059971754050781145e-02
8.329700008989586735e-01 7.049268533919364477e-02
8.331631238275055695e-01 7.039611219455500779e-02
8.332806004584264459e-01 7.032328083845768019e-02
8.333599105692807152e-01 7.026111794600417570e-02
8.333920982438767222e-01 7.022366514011103844e-02
8.334798259702330681e-01 7.019391591720249013e-02
8.336332760278833964e-01 7.019151881540805493e-02
8.337443161860059737e-01 7.019792754111739419e-02
8.338026646045575418e-01 7.022168719448088070e-02
8.338075422744893883e-01 7.027163882058481970e-02
8.337599070589231109e-01 7.033009757895342107e-02
8.336962178889320008e-01 7.041758429429066657e-02
8.336265978260105625e-01 7.051241901025304126e-02
8.336218950267288985e-01 7.062176829794784838e-02
8.337882243257191961e-01 7.076011419179679962e-02
8.338353947806809163e-01 7.090956147606183868e-02
8.335433935841305431e-01 7.108205884369957206e-02
8.333460206390559399e-01 7.126856212379700795e-02
8.334734386130814299e-01 7.146609993477222311e-02
8.335775235351167156e-01 7.169188094094164354e-02
8.334779885223307927e-01 7.193040398028710536e-02
8.333281431883328150e-01 7.218347924020539208e-02
8.331719224793202594e-01 7.246384845007318443e-02
8.329800352684701981e-01 7.275189220233228837e-02
8.327331985903380085e-01 7.305936591736582331e-02
8.324646851076377141e-01 7.338227593371597635e-02
8.321513770541302257e-01 7.372522055256987283e-02
8.318542406914476439e-01 7.407732061041283345e-02
8.315826691640882951e-01 7.445421919544252531e-02
8.313303599574684011e-01 7.483972774218144997e-02
8.310253585516828023e-01 7.525372684920933475e-02
8.307323102861117192e-01 7.567276491629276736e-02
8.304815164094827562e-01 7.612971201933706189e-02
8.302140127096172550e-01 7.658256932036155984e-02
8.298174125581464500e-01 7.705442043288941723e-02
8.293811927261567352e-01 7.754091563201925830e-02
8.289952712077762742e-01 7.805697984626813746e-02
8.286292710561740105e-01 7.857785071463703475e-02
8.282379944736395494e-01 7.910676086558000863e-02
8.278619928114301363e-01 7.964785009542117711e-02
8.274599938370065244e-01 8.021753437969374179e-02
8.270553051038498360e-01 8.080206821707175413e-02
8.266172375702973696e-01 8.140297884844378828e-02
8.261567939691205620e-01 8.200540499341953116e-02
8.256736686972339090e-01 8.263583117513755016e-02
8.251865494568080273e-01 8.326790397568346880e-02
8.247301236573777450e-01 8.393030096763945402e-02
8.242911173802549563e-01 8.459122933034088354e-02
8.236474277830182489e-01 8.526500925641809780e-02
8.228856352268097973e-01 8.594995454164232329e-02
8.223641922127504778e-01 8.665255296927326656e-02
8.220238257507045398e-01 8.736273261510592303e-02
8.214492409663809447e-01 8.809190716287733369e-02
8.206952802309199768e-01 8.883023772615956937e-02
8.200357682562754436e-01 8.958370104121128608e-02
8.194629891425585511e-01 9.035187240704557754e-02
8.188804292833447018e-01 9.113095756106960599e-02
8.183141474947696059e-01 9.189845340372031213e-02
8.176581875827539925e-01 9.270057025235500792e-02
8.169148493414585266e-01 9.349225971174159044e-02
8.161920724727700360e-01 9.431623517197433582e-02
8.155391985715875203e-01 9.513265336315233911e-02
8.148451004206560544e-01 9.595192949447725606e-02
8.141027593819931685e-01 9.680659277420514131e-02
8.133874076707873213e-01 9.765181038694628612e-02
8.126869232668705312e-01 9.850663537617476706e-02
8.120233774746413724e-01 9.937243704197587513e-02
8.114235114334096277e-01 1.002484484740078924e-01
8.107573523263218451e-01 1.011262481002787594e-01
8.100097928777461043e-01 1.020156522557609802e-01
8.092210242284708643e-01 1.029105810942178845e-01
8.083817884176897062e-01 1.037897216019026819e-01
8.075867215565125656e-01 1.047003502481458348e-01
8.069700509750430406e-01 1.056002399371857997e-01
8.062252215280164558e-01 1.065268125368247637e-01
8.052590962082236681e-01 1.074267189018995872e-01
8.043672476703351837e-01 1.083590318049894169e-01
8.037735341673165612e-01 1.092820569645366474e-01
8.031539295367705611e-01 1.102128816472193185e-01
8.023499558860943681e-01 1.111649105621100725e-01
8.015256153303970121e-01 1.120968133742980821e-01
8.006552415768465325e-01 1.130313059506012074e-01
7.998320419364564060e-01 1.139707639163671793e-01
7.991335923045165268e-01 1.149197708639681931e-01
7.984741518512169511e-01 1.158736832199279143e-01
7.978499847338762496e-01 1.168081475203652797e-01
7.971332771416571594e-01 1.177652913517099886e-01
7.961818280533055070e-01 1.187131266370814037e-01
7.952174190281844357e-01 1.196615611407058494e-01
7.944662523036142288e-01 1.205974955553067163e-01
7.937630616229274239e-01 1.215619290356094451e-01
7.930511685630327046e-01 1.225019418255230835e-01
7.923146198678139296e-01 1.234409819917289680e-01
7.914493120227720224e-01 1.243983225316970115e-01
7.906032502531686879e-01 1.253314306099927444e-01
7.898911925104044052e-01 1.262710794347787768e-01
7.891893475835864979e-01 1.272105040950016752e-01
7.883131676314207859e-01 1.281380090837239694e-01
7.873839715078970736e-01 1.290601185794867656e-01
7.865928647571798216e-01 1.299889162173254453e-01
7.858730093176679032e-01 1.309198750466646910e-01
7.851360975255186059e-01 1.318471537183205367e-01
7.843778860928599661e-01 1.327700724799028287e-01
7.835323753938840952e-01 1.336836004679842760e-01
7.826783433300114057e-01 1.345678585197225274e-01
7.819365879759182514e-01 1.354806722512788830e-01
7.812927154731621471e-01 1.363714061271376343e-01
7.805748513331767224e-01 1.372769157280349372e-01
7.798583166492872865e-01 1.381533096441527053e-01
7.791418617772217781e-01 1.390486805084432398e-01
7.784624326622869850e-01 1.399168500102681567e-01
7.777736151273886289e-01 1.407787102126398238e-01
7.770827587221289523e-01 1.416344263752196408e-01
7.763251545795706310e-01 1.424782942913072337e-01
7.755150870498594973e-01 1.433113522401629203e-01
7.747836309383008269e-01 1.441428631334691901e-01
7.741066801239963047e-01 1.449719647950565848e-01
7.734618246907019046e-01 1.457955664049568334e-01
7.728372432635112199e-01 1.466131060056231061e-01
7.721897802266322053e-01 1.474199872740371564e-01
7.715167282747652511e-01 1.482167927652625339e-01
7.708333792324461031e-01 1.489811540064467921e-01
7.701139958144427311e-01 1.497551405826320348e-01
7.694778343793552411e-01 1.505057001219404500e-01
7.689323725098424767e-01 1.512758605376413601e-01
7.684222095412719389e-01 1.520210347222235303e-01
7.679454192118596589e-01 1.527774883735630307e-01
7.674377687341704668e-01 1.534997347671371859e-01
7.668519341058261940e-01 1.542047132190834668e-01
7.662203765402743061e-01 1.548948424970744697e-01
7.654912957954909114e-01 1.555838387210285445e-01
7.648409207506721152e-01 1.562486199212343718e-01
7.642997157163005095e-01 1.569122588088125159e-01
7.638024428016197964e-01 1.575678867814133133e-01
7.633503241688971430e-01 1.581981254440245344e-01
7.628929168904506897e-01 1.588337640122761685e-01
7.624327221237058305e-01 1.594559961849993379e-01
7.619669415221970166e-01 1.600653610098392021e-01
7.614895891361405100e-01 1.606603110896802633e-01
7.610259178094211929e-01 1.612267144509534622e-01
7.605767500658915381e-01 1.617984918874935396e-01
7.601133171414841128e-01 1.623373071545163304e-01
7.595488769532485751e-01 1.628689396951968904e-01
7.590223673998760523e-01 1.633751138683507131e-01
7.585739409140370704e-01 1.638890768783431151e-01
7.582180168320420410e-01 1.643845293883157699e-01
7.579813771185598403e-01 1.648770797673844435e-01
7.577626342583689834e-01 1.653577863550995952e-01
7.574648904844502040e-01 1.658152008429236990e-01
7.571168511202065465e-01 1.662528064381117165e-01
7.567349638276530399e-01 1.666712684554079726e-01
7.563525605759201520e-01 1.670740734017375217e-01
7.559892389685314296e-01 1.674639162786028812e-01
7.556699950982366243e-01 1.678425510424428335e-01
7.554238230059049375e-01 1.682127641116780703e-01
7.552035796829877912e-01 1.685762563398149894e-01
7.549769764640992253e-01 1.689165791688042595e-01
7.547544981321226976e-01 1.692309222303156335e-01
7.544925520826182286e-01 1.695350975439792740e-01
7.542214276798155925e-01 1.698119232373470067e-01
7.539657270109346721e-01 1.700821514714236649e-01
7.537343285794673164e-01 1.703310979886142884e-01
7.536115131564500302e-01 1.705829357527355317e-01
7.535522819359474767e-01 1.708181388859254801e-01
7.535001317767662243e-01 1.710374111324435842e-01
7.534447646012784050e-01 1.712436985961598157e-01
7.533501933948519858e-01 1.714239679046475062e-01
7.532257698286096703e-01 1.715835903524695338e-01
7.530545580359144786e-01 1.717198814736468349e-01
7.528595636822761339e-01 1.718369800588110119e-01
7.527710875595711171e-01 1.719486830358980256e-01
7.527725146720777305e-01 1.720517604635705133e-01
7.527782960721343120e-01 1.721393979250768758e-01
7.528032868956068269e-01 1.722143900562739804e-01
7.528538266739339679e-01 1.722710554948876094e-01
7.529132567727183645e-01 1.723097130962411017e-01
7.529796736560295800e-01 1.723326968718135732e-01
7.530423382595299309e-01 1.723357610649782490e-01
7.531032306318451441e-01 1.723277312237095904e-01
7.531727844685197626e-01 1.722962697184331204e-01
7.532283782804174432e-01 1.722452824667086990e-01
7.532822065977747839e-01 1.721776048534398307e-01
7.533175753482418413e-01 1.720930198300490988e-01
7.533477787090553379e-01 1.719870433587735725e-01
7.534648008680199238e-01 1.718733620713146781e-01
7.536916731882645770e-01 1.717532487881483494e-01
7.539193834854713838e-01 1.716220900948046968e-01
7.541857736758145192e-01 1.714661236326170402e-01
7.544328503624430082e-01 1.712941123584872383e-01
7.546739269829957353e-01 1.711105754830404835e-01
7.548813124068793901e-01 1.708992822345891394e-01
7.550270315144073097e-01 1.706704369296402068e-01
7.552203836708430984e-01 1.704265680181504539e-01
7.555328679494034416e-01 1.701740474161217431e-01
7.558899457876065986e-01 1.699069913836610268e-01
7.563072996303350504e-01 1.696298889716496283e-01
7.566421026162629682e-01 1.693398972705666417e-01
7.568834125778133304e-01 1.690071817772093310e-01
7.571500882500623586e-01 1.686707883674292141e-01
7.575110486404994514e-01 1.683159371233724777e-01
7.578863966070109592e-01 1.679620820365883005e-01
7.583144432591345518e-01 1.675786965565726760e-01
7.587221910741959174e-01 1.671883531445775839e-01
7.590585040900206248e-01 1.667607208045918943e-01
7.594089807818985571e-01 1.663309838023525056e-01
7.598491826728791532e-01 1.658937373605728349e-01
7.603087013192110222e-01 1.654464557837722616e-01
7.608171189890144959e-01 1.649822958507255466e-01
7.613315849226870435e-01 1.645034885490273824e-01
7.618424947806231584e-01 1.639902991353284767e-01
7.623348724215577299e-01 1.634794402876282027e-01
7.628026092333398678e-01 1.629629088038547502e-01
7.633016621041524008e-01 1.624168544002549397e-01
7.638191250205732530e-01 1.618556088338040100e-01
7.643765016796427725e-01 1.612828575848346269e-01
7.649989876530037813e-01 1.607005993402463861e-01
7.656315942537306185e-01 1.601239007391989655e-01
7.662551887674923234e-01 1.595137391131334625e-01
7.668941570791175666e-01 1.588860794614769534e-01
7.675103105971848860e-01 1.582620991142521527e-01
7.681354989082824769e-01 1.576032799065846812e-01
7.687274545369696677e-01 1.569486646651692408e-01
7.693391257135054895e-01 1.562579041311953909e-01
7.699545610269119544e-01 1.555770476257962998e-01
7.705907101818886273e-01 1.548840667711987029e-01
7.712602476259022843e-01 1.541564207165461164e-01
7.719169068815309176e-01 1.534377849622184375e-01
7.725872337168239179e-01 1.527065135367081106e-01
7.732585854959567184e-01 1.519631520308732664e-01
7.739895360792867773e-01 1.512114302351548756e-01
7.747635187474845031e-01 1.504507585162785377e-01
7.755885625300520392e-01 1.496552460128283690e-01
7.763760707024714991e-01 1.488965827969238043e-01
7.771823700726845363e-01 1.480997925191094300e-01
7.779492174739714994e-01 1.472889362110690048e-01
7.787185657157337237e-01 1.464670915494079018e-01
7.794810976358366172e-01 1.456332262671168887e-01
7.802437118478413591e-01 1.447879407793815631e-01
7.809818591615408367e-01 1.439590172026804227e-01
7.818187760555797006e-01 1.430979484561458737e-01
7.827305326395223029e-01 1.422320989029636773e-01
7.835601190820401518e-01 1.413796938800701841e-01
7.843589561389987530e-01 1.404854575835612351e-01
7.850786178636125490e-01 1.396064295496785290e-01
7.857620226083686932e-01 1.386857667644401382e-01
7.864551003630824155e-01 1.377877698249150573e-01
7.871878919765256111e-01 1.368841901485413348e-01
7.879891207949422105e-01 1.359466493659640396e-01
7.888019285352976251e-01 1.350329343417236150e-01
7.896615938854099070e-01 1.341150108991535639e-01
7.905848504781388675e-01 1.331941266457240258e-01
7.914996281526304189e-01 1.322657086299142137e-01
7.923893266265358282e-01 1.312969154397343463e-01
7.932545913378491464e-01 1.303526551600051875e-01
7.941176899098032482e-01 1.294021962113877655e-01
7.950096935245435370e-01 1.284478936855858178e-01
7.959270956723211166e-01 1.275225533049191007e-01
7.968346073612178060e-01 1.265593930801354183e-01
7.976630280396574957e-01 1.255871229520336974e-01
7.984602622093567303e-01 1.246092861742808533e-01
7.992061426388661349e-01 1.236273927114033139e-01
8.000391498116280475e-01 1.226779720079044789e-01
8.011589156692974223e-01 1.217069641641339572e-01
8.022743550697767345e-01 1.207326818689796466e-01
8.032407637559074720e-01 1.197813771011697892e-01
8.041121651223843703e-01 1.187913906555724264e-01
8.047112684283016515e-01 1.178196365422893854e-01
8.053722526059736708e-01 1.168202853023756066e-01
8.062118909265230116e-01 1.158590968891251294e-01
8.071293699315882364e-01 1.149006131073113668e-01
8.081319626563771008e-01 1.139132869901456208e-01
8.091190759531177168e-01 1.129582428886929252e-01
8.100981794893665766e-01 1.120035591555729876e-01
8.110488577924994669e-01 1.110486642146555764e-01
8.119612070679038673e-01 1.100604742971018069e-01
8.127902551620435068e-01 1.091091297742430855e-01
8.135530006108020462e-01 1.081534783182998144e-01
8.143374643820502357e-01 1.072022247833831210e-01
8.153477426178993293e-01 1.062619077227955205e-01
8.164454516013851526e-01 1.053268992374263163e-01
8.174681132081224044e-01 1.043938215171104911e-01
8.184261225961475539e-01 1.034626138048105187e-01
8.190979787267844703e-01 1.025599988525887074e-01
8.196996349187475328e-01 1.016288789266599352e-01
8.204185646171399116e-01 1.007074418182934694e-01
8.212116783576878243e-01 9.979411823971454099e-02
8.220238918983541199e-01 9.891863973545489408e-02
8.229076893765411294e-01 9.801634244918808192e-02
8.237462438357210370e-01 9.712531481356098673e-02
8.245319354893522190e-01 9.626998679983771179e-02
8.253276231546509134e-01 9.539375290649489136e-02
8.260585014047182595e-01 9.455447791252162559e-02
8.267475612098713622e-01 9.372296940529600828e-02
8.274293798224638952e-01 9.287184370388801291e-02
8.281727017965749837e-01 9.205930050619516580e-02
8.289825691787352513e-01 9.125842174809667418e-02
8.298627293740606925e-01 9.044100785614959948e-02
8.307304622106601588e-01 8.965649307159125059e-02
8.314097164158523734e-01 8.888478847871196520e-02
8.319138496744480360e-01 8.812289331720583874e-02
8.324409027033137232e-01 8.737363233119822825e-02
8.329855934987504540e-01 8.663702686149860055e-02
8.336762798879845393e-01 8.591368500582072243e-02
8.345358748866290588e-01 8.519985899289785058e-02
8.353136803521008513e-01 8.450476135765122576e-02
8.360156294896705642e-01 8.382224675120976409e-02
8.366383840294983054e-01 8.315286497219694095e-02
8.371723143732180406e-01 8.249804575723054811e-02
8.376640570643684169e-01 8.184870238813089782e-02
8.380983689450267615e-01 8.122299420535039616e-02
8.384948854035153554e-01 8.063367539712129606e-02
8.388973517382427580e-01 8.003121735710248819e-02
8.393592720932144813e-01 7.945445080663016135e-02
8.398629636295612544e-01 7.891292947366931876e-02
8.404153964052426540e-01 7.836185185494178029e-02
8.409640316969315688e-01 7.785401738773428670e-02
8.415618612522198783e-01 7.734473120661138068e-02
8.421759959865501299e-01 7.686107472263184470e-02
8.427219540441255319e-01 7.638811624943467327e-02
8.431135185182513370e-01 7.594051226030482105e-02
8.434313284842898106e-01 7.551955825642545084e-02
8.436719660485486605e-01 7.510174531238865414e-02
8.438909971575082603e-01 7.470915767623564907e-02
8.441198817523386522e-01 7.434377684380005791e-02
8.443611096020327000e-01 7.398639390403037586e-02
8.446024989269774741e-01 7.366070300517377212e-02
8.448746473329974416e-01 7.334197500062723807e-02
8.452045452918892643e-01 7.304514059114490532e-02
8.455036248766932827e-01 7.277846780961043371e-02
8.456896949906115291e-01 7.252301608682534817e-02
8.457760906036368986e-01 7.229578010268716826e-02
8.457134747958021670e-01 7.209158767085355191e-02
8.456495493494082805e-01 7.190265480638284579e-02
8.457519743793109335e-01 7.173829770437369080e-02
8.459178865937053704e-01 7.159674738813208428e-02
8.461425717170572014e-01 7.146609080872760866e-02
8.463391556809951588e-01 7.136577598897041186e-02
8.463412198260915620e-01 7.128894576806146799e-02
8.462406238447834905e-01 7.123389324885467944e-02
8.461302603695419755e-01 7.119033158644960668e-02
8.460170672435843864e-01 7.117736495977459998e-02
8.460267149710553047e-01 7.118674673177072254e-02
8.460633938141991495e-01 7.121830616637149503e-02
8.460449584042549764e-01 7.127065293012407876e-02
8.459877108849745975e-01 7.133444673642536094e-02
8.458210614153490736e-01 7.143302247547332617e-02
8.456112881064177245e-01 7.155022268704175348e-02
8.454371573905208326e-01 7.168813928408343528e-02
8.452650597325919168e-01 7.185552972639989988e-02
8.451287715544859580e-01 7.203570145378428158e-02
8.449914503589783799e-01 7.222951036578752204e-02
8.446711894002468801e-01 7.245361055859660115e-02
8.442199297004138181e-01 7.271020377092872466e-02
8.437182813570830442e-01 7.297879604096213502e-02
8.431720829845044118e-01 7.326699164690753108e-02
8.427448044241103720e-01 7.357955013003192324e-02
8.424345710601274240e-01 7.390984721586110751e-02
8.421107231443916152e-01 7.426394264901123310e-02
8.417974960850992394e-01 7.463918456222287667e-02
8.414295859411594636e-01 7.503311545928387227e-02
8.410110834187932705e-01 7.544158144627376161e-02
8.405833392148036598e-01 7.588048946540686124e-02
8.401452382525006479e-01 7.632022942122324016e-02
8.396902714877623186e-01 7.679830616978162994e-02
8.392165698630073001e-01 7.728880021554661306e-02
8.387072207835073456e-01 7.780902834429487269e-02
8.381836468531573825e-01 7.832005598826699555e-02
8.376011406226381295e-01 7.887957511517068587e-02
8.369881311498748033e-01 7.945809014937790793e-02
8.363589471372471218e-01 8.002658445527852105e-02
8.356823470704167756e-01 8.064578900973438935e-02
8.350023897587077748e-01 8.125007422119551181e-02
8.342667953534925740e-01 8.190536364800729552e-02
8.335401291457888995e-01 8.254684879297324862e-02
8.327860485771134691e-01 8.321239840179205094e-02
8.319985301259783528e-01 8.391472932473467705e-02
8.312209031142709925e-01 8.461574073868202706e-02
8.304327765749228707e-01 8.532631593904532741e-02
8.296191164928249373e-01 8.609018168103942104e-02
8.288327623945421774e-01 8.683476230617809266e-02
8.280485973119245946e-01 8.759491832907985442e-02
8.272427541447270327e-01 8.837048401872329983e-02
8.264415882642728306e-01 8.916978514419528212e-02
8.255987334531885713e-01 9.000909259886824554e-02
8.247851253857771958e-01 9.083208048543221780e-02
8.239968919935742875e-01 9.167110636429386117e-02
8.232680489542363311e-01 9.252648152644894763e-02
8.225185088422301005e-01 9.339595641983568231e-02
8.217177989769018920e-01 9.427819621874432288e-02
8.208897144011075842e-01 9.513916884144640873e-02
8.199483988571439896e-01 9.604580104814873509e-02
8.189389398782714879e-01 9.696402882448594551e-02
8.179088778987551045e-01 9.788876258473375169e-02
8.168421106587772096e-01 9.883076592337394772e-02
8.157530237269209339e-01 9.974675231059490499e-02
8.146240425526923845e-01 1.007096809978930696e-01
8.135516252948256088e-01 1.016808538214611368e-01
8.125374402462474110e-01 1.026712178938203046e-01
8.116407493378351434e-01 1.036291092279734288e-01
8.107339292532226294e-01 1.046427651756808991e-01
8.098041651208859326e-01 1.056201285556890440e-01
8.088095267666414179e-01 1.066505887972171024e-01
8.077899766945898508e-01 1.076442586781384408e-01
8.067089904693895974e-01 1.086903513364411294e-01
8.056404643937274956e-01 1.096989218451110415e-01
8.045548061375600302e-01 1.107178073803488649e-01
8.034035062486851730e-01 1.117809561544264862e-01
8.022644276533915653e-01 1.128092035321717618e-01
8.010822134153514629e-01 1.138453875449114416e-01
7.998101934664533230e-01 1.149245463978129794e-01
7.985472471399264194e-01 1.159692868580874392e-01
7.972520389254288409e-01 1.170145145098743233e-01
7.959861433454672452e-01 1.180654377376467445e-01
7.947411019678077837e-01 1.191247266399776961e-01
7.935136153637543099e-01 1.201859870002954800e-01
7.922635845661875065e-01 1.212949959466889938e-01
7.910803478689187873e-01 1.223676455498883403e-01
