1.891900330774550290e-02 7.786314377140403087e-01
1.888556577492412139e-02 7.785867738534799631e-01
1.884484917910967880e-02 7.785334673648938164e-01
1.879829558445071311e-02 7.784716685175723239e-01
1.875273599333432406e-02 7.784108545777087551e-01
1.871269079228852703e-02 7.783572494713666412e-01
1.868268526846973004e-02 7.783170534434354915e-01
1.865944268834304060e-02 7.782861841073919207e-01
1.864080415474898833e-02 7.782612547651336365e-01
1.855059335606644780e-02 7.782748658834631739e-01
1.843808942642739118e-02 7.783059213430700840e-01
1.830071322816301249e-02 7.783568909037746897e-01
1.813739862673830264e-02 7.784273237922004762e-01
1.794676857177679094e-02 7.785171342045801302e-01
1.772965513280318206e-02 7.786239714153097013e-01
1.748737078969316364e-02 7.787459744948123097e-01
1.722448651068913747e-02 7.788794075375319315e-01
1.694666179484186422e-02 7.790204399224589515e-01
1.664920121372163303e-02 7.791673221078820877e-01
1.633410940387080082e-02 7.793182432211857025e-01
1.600295892612914675e-02 7.794699956884492131e-01
1.565839516705456666e-02 7.796203759466909800e-01
1.530235272777449515e-02 7.797667652574591379e-01
1.493741813016287098e-02 7.799078941787456198e-01
1.456628030303336319e-02 7.800409153641736371e-01
1.419066997990190045e-02 7.801657678047421163e-01
1.381384962288148034e-02 7.802810381775021620e-01
1.343736455411219562e-02 7.803860402662025075e-01
1.306383921694292093e-02 7.804816236173447441e-01
1.269371697515650141e-02 7.805666757272186063e-01
1.232844182681849636e-02 7.806424589336330433e-01
1.196955456525745226e-02 7.807092355547390339e-01
1.161701248795904244e-02 7.807672032572715581e-01
1.127105548175227900e-02 7.808171630533344842e-01
1.093259882172183638e-02 7.808605883338024523e-01
1.060012103163137515e-02 7.808964053311251430e-01
1.027432893395451019e-02 7.809271688009882251e-01
9.954607031780282264e-03 7.809528446977308525e-01
9.640837700171741090e-03 7.809730819384913536e-01
9.332209078584122880e-03 7.809887343951398275e-01
9.028749281658952214e-03 7.810008870827125360e-01
8.729459384308311046e-03 7.810089154986833426e-01
8.435156462327880050e-03 7.810136636692407430e-01
8.144896418734495422e-03 7.810163409216974717e-01
7.858908019565895298e-03 7.810158722668434361e-01
7.577563036519407123e-03 7.810134365338136098e-01
7.300232624939465009e-03 7.810080748778100990e-01
7.027232617115591710e-03 7.810007570735136850e-01
6.759693427309981448e-03 7.809924463107182913e-01
6.496564176177683364e-03 7.809822821853612540e-01
6.238343372381373493e-03 7.809703860054135749e-01
5.985930690551235535e-03 7.809566458550846191e-01
5.739122145816582046e-03 7.809421441121298102e-01
5.498198236134755126e-03 7.809260237460703413e-01
5.263484207367376440e-03 7.809075666468686672e-01
5.035345212912724008e-03 7.808884482903195590e-01
4.813041678047395681e-03 7.808671212084642432e-01
4.597639571687714248e-03 7.808445255291563969e-01
4.389027025809004445e-03 7.808199395511691288e-01
4.186935406431262045e-03 7.807943178627453351e-01
3.991256005684029953e-03 7.807669499284820569e-01
3.802547529733460094e-03 7.807386619067827604e-01
3.620720376530030694e-03 7.807087280809225094e-01
3.445008040451740753e-03 7.806782235177357476e-01
3.275961483873174145e-03 7.806479909208855483e-01
3.113352238125679985e-03 7.806164695329990133e-01
2.956850201317812697e-03 7.805847288197946821e-01
2.806086791292537307e-03 7.805534865168740621e-01
2.661915447766837872e-03 7.805229822338933809e-01
2.522921428989071280e-03 7.804925012452987865e-01
2.390040582339671236e-03 7.804627546543678740e-01
2.262429493609691145e-03 7.804349414277621522e-01
2.139929821398116241e-03 7.804071414370342685e-01
2.022582747036312783e-03 7.803805581753717746e-01
1.910365527335195282e-03 7.803549493752495181e-01
1.802376731832897516e-03 7.803305541949633328e-01
1.699413414604490809e-03 7.803065278667395965e-01
1.601072911856432635e-03 7.802838346688086846e-01
1.506854450616311588e-03 7.802615161903342367e-01
1.416298483767117157e-03 7.802396913301326009e-01
1.330317052225615023e-03 7.802191951848024276e-01
1.247926564732222470e-03 7.801984703108943986e-01
1.169603869911068923e-03 7.801782366862669571e-01
1.094900041532844218e-03 7.801586154090052183e-01
1.023765989775396457e-03 7.801387620331755590e-01
9.557935829330997148e-04 7.801195216796837917e-01
8.918460472413036006e-04 7.801010080219078491e-01
8.306035678947007363e-04 7.800831122366235215e-01
7.728987575132313399e-04 7.800651013578716597e-01
7.183211811693790416e-04 7.800477002192036657e-01
6.668564363803090173e-04 7.800311495872046530e-01
6.180645730734559687e-04 7.800153345648492831e-01
5.723512885212519432e-04 7.799994041626336916e-01
5.292949813502790656e-04 7.799842051341613347e-01
4.893047466658301606e-04 7.799690058953745453e-01
4.515296094217081317e-04 7.799545428650185297e-01
4.159474604521918445e-04 7.799399718450709118e-01
3.829867449960114778e-04 7.799254012564846850e-01
3.522251076587987152e-04 7.799116809433168651e-01
3.236445657175870266e-04 7.798978445568307549e-01
2.968128175800016687e-04 7.798840219514030503e-01
2.717275274908653683e-04 7.798702111254395275e-01
2.488150920207197071e-04 7.798562734686292908e-01
2.272142832022730984e-04 7.798423560209869487e-01
2.073589935972420422e-04 7.798292848431066515e-01
1.888095522147235071e-04 7.798162301226696513e-01
1.719984436507575993e-04 7.798038910114718503e-01
1.560648870311113795e-04 7.797925488338434130e-01
1.414293653639383402e-04 7.797810935225005791e-01
1.280955510089363939e-04 7.797706050902429853e-01
1.156354607604850366e-04 7.797617119439217426e-01
1.044676921102626841e-04 7.797529288682921722e-01
9.374071162985650354e-05 7.797457729373099555e-01
8.430852713298493315e-05 7.797404040044934037e-01
7.573539545840061039e-05 7.797350425619572478e-01
6.759769309048639435e-05 7.797314263042347537e-01
6.032134565047704539e-05 7.797294991825031163e-01
5.390127441731975741e-05 7.797275567450215883e-01
4.791275358609182149e-05 7.797273489905131028e-01
4.277970805589822659e-05 7.797270976249006669e-01
3.764896983209052719e-05 7.797286643015809426e-01
3.337317854612006858e-05 7.797301624278846210e-01
2.952465758203914146e-05 7.797316752816932928e-01
2.610431245450896151e-05 7.797340353104063038e-01
2.311126677729968639e-05 7.797365004585657955e-01
2.054559384273342440e-05 7.797389248943996654e-01
1.797989057488089511e-05 7.797420925374793921e-01
1.584064116350593186e-05 7.797436265327245541e-01
1.412966992511005718e-05 7.797460100573981867e-01
1.241793897755248357e-05 7.797475596973303391e-01
1.070593865913824341e-05 7.797490397939960127e-01
9.421632203783296853e-06 7.797496050891321584e-01
8.136962117982652969e-06 7.797493732137810163e-01
6.852265587816190168e-06 7.797488862154462463e-01
5.995419070605301764e-06 7.797469603432581886e-01
5.138660347169325988e-06 7.797448578719621270e-01
4.281849646309896443e-06 7.797418039664253397e-01
3.853213071692946955e-06 7.797381625316573972e-01
2.996504554654846069e-06 7.797330816243155382e-01
2.567967570532625446e-06 7.797275889897701262e-01
2.139512489879354773e-06 7.797210250762257600e-01
1.711250356477724830e-06 7.797143520460418920e-01
1.283081818845539154e-06 7.797054988416266541e-01
1.282723790267298529e-06 7.796980856689847972e-01
8.548599784561410521e-07 7.796870597472707054e-01
8.545638462594667047e-07 7.796778250625934215e-01
4.271389600020719332e-07 7.796652597504940552e-01
4.269640984504726047e-07 7.796544376987510905e-01
4.267889409847519730e-07 7.796434938603811204e-01
4.266152207654811605e-07 7.796325488048971852e-01
4.264269417002412459e-07 7.796207573410139924e-01
4.262253862275641005e-07 7.796081191369476082e-01
4.260239873706974673e-07 7.795954792835821934e-01
4.258075780760888917e-07 7.795818714758323553e-01
2.596814401887438326e-02 5.552803649884749948e-01
2.794384465594192818e-02 5.530703318805317847e-01
3.003568963713095993e-02 5.508580737501808100e-01
3.218639223760386137e-02 5.486437649444931841e-01
3.431068651475659148e-02 5.464257914056090959e-01
3.630484361899907753e-02 5.442052339836735975e-01
3.807279083530502178e-02 5.419814853243316577e-01
3.951400792121349120e-02 5.397561294561634693e-01
4.047422851643709546e-02 5.375248623761634814e-01
4.079930561045162773e-02 5.352896570263263598e-01
4.027829285116079489e-02 5.330461276339046872e-01
3.884016661510546892e-02 5.307959498408800769e-01
3.671863674951362372e-02 5.285396729705675867e-01
3.458482994492668300e-02 5.262840957269168118e-01
3.330126736701954221e-02 5.240303836910495949e-01
3.344221297692321487e-02 5.217824495253104988e-01
3.493160235330432239e-02 5.195383661093709859e-01
3.723489298888625620e-02 5.172947261709379685e-01
3.969146582454318589e-02 5.150510731007079679e-01
4.210786727218283898e-02 5.127997967496663589e-01
4.480089648397390240e-02 5.105426030130756354e-01
4.808736731227094413e-02 5.082938634003036915e-01
5.182144663550342090e-02 5.060493596786805881e-01
5.594915919826441014e-02 5.038069887292936366e-01
6.017277987583561499e-02 5.015586945569389110e-01
6.395734652929389863e-02 4.993117320898708411e-01
6.735341470248334961e-02 4.970756940200342089e-01
7.036236074448203037e-02 4.948355021000780396e-01
7.412881615554056669e-02 4.926064376412604418e-01
7.757215435847583662e-02 4.903779508595563774e-01
8.084608117459614329e-02 4.881559153865552836e-01
8.393722837955494565e-02 4.859334558485078337e-01
8.677536626577903034e-02 4.837030489501704666e-01
8.942172426736706703e-02 4.814700581271861846e-01
9.192204968780684493e-02 4.792347164481540189e-01
9.430189739690048034e-02 4.770004773560884703e-01
9.654147347823786862e-02 4.747630756610888847e-01
9.868744306799680233e-02 4.725281579002336141e-01
1.006987687261151759e-01 4.702933177091552230e-01
1.026571526789485794e-01 4.680594258707548305e-01
1.045371262127476331e-01 4.658257125759218686e-01
1.063820694645452314e-01 4.635947250707743161e-01
1.082009042759187051e-01 4.613646985794387367e-01
1.099790516616571123e-01 4.591367982421524774e-01
1.117288778418688983e-01 4.569104749353484762e-01
1.134481660021189886e-01 4.546857104392303395e-01
1.151290432279862275e-01 4.524631425902507775e-01
1.167489469056539747e-01 4.502411454066382324e-01
1.182506053787543282e-01 4.480211436518612422e-01
1.195997076385928587e-01 4.458034203627454506e-01
1.208019587136323764e-01 4.435846610069194007e-01
1.218164366914974983e-01 4.413668643052601759e-01
1.225544347299867137e-01 4.391493822363263799e-01
1.230308757445350010e-01 4.369312125544114189e-01
1.232213012427459120e-01 4.347140109652286033e-01
1.230808570502789218e-01 4.324945697795197219e-01
1.226550278331672711e-01 4.302768881586879202e-01
1.219010338684458072e-01 4.280577041362302326e-01
1.208533937276500270e-01 4.258395157378442319e-01
1.195558658649728545e-01 4.236215378634918816e-01
1.180570503540553373e-01 4.214045455817500008e-01
1.163244435731942972e-01 4.191883470747638785e-01
1.144219678505099813e-01 4.169745046939775657e-01
1.122675929705154035e-01 4.147624632707616610e-01
1.099003822588864587e-01 4.125533241757385894e-01
1.072608269933994773e-01 4.103450800917260444e-01
1.043922766085859100e-01 4.081389941250186948e-01
1.014690169598578273e-01 4.059371495286397402e-01
9.867861779282746659e-02 4.037418694469903646e-01
9.645571861201068797e-02 4.015580669387355250e-01
9.570208717107329954e-02 3.993959479910973442e-01
9.878309008252900147e-02 3.972878254959899547e-01
1.100997674229018120e-01 3.952955014357408814e-01
1.368448005212049845e-01 3.935265899401079182e-01
1.903815439361555284e-01 3.921282558141132579e-01
2.567366768924763676e-01 3.910162453964546314e-01
3.257214832043379138e-01 3.900420138068914633e-01
3.704410494239779306e-01 3.888685310517559501e-01
3.898254737097014422e-01 3.874085553843356067e-01
3.989066864611419683e-01 3.857369880264708839e-01
4.058727564509251318e-01 3.839048772688935518e-01
4.121079112193463123e-01 3.819822954809592441e-01
4.169312997043862490e-01 3.800257283882044756e-01
4.207126394491828014e-01 3.780560659857085115e-01
4.247543342933484678e-01 3.760789909125910047e-01
4.283284025566369557e-01 3.740902461363336817e-01
4.317325458791237969e-01 3.721031978185072586e-01
4.349067955027850485e-01 3.701215062794216415e-01
4.381866583643685420e-01 3.681460329236351803e-01
4.413059072854956799e-01 3.661729201061468264e-01
4.443333554683099873e-01 3.642068600464512529e-01
4.473190588378044841e-01 3.622443812032975496e-01
4.503612344302563852e-01 3.602859210315739191e-01
4.532497368555284400e-01 3.583312072412331295e-01
4.561127183094653703e-01 3.563825666827164507e-01
4.591127468477366191e-01 3.544395111315808422e-01
4.620755142236671609e-01 3.525051995245384595e-01
4.651037735866479506e-01 3.505788119385857549e-01
4.683214621913194264e-01 3.486610796938168222e-01
4.715430537407225842e-01 3.467524788799691282e-01
4.748653425486836221e-01 3.448490206815513770e-01
4.781582203839414014e-01 3.429546283130160966e-01
4.813925005690642966e-01 3.410631458111207936e-01
4.845533698075029094e-01 3.391816537775404483e-01
4.877031466937666315e-01 3.373040286782332253e-01
4.908545099581188564e-01 3.354333350809476921e-01
4.940893436511907821e-01 3.335697381365602676e-01
4.973537982385039524e-01 3.317134021405271360e-01
5.006519528834247890e-01 3.298631471054603859e-01
5.038748419288562319e-01 3.280138211025945827e-01
5.069787274939818733e-01 3.261761929846976327e-01
5.099679279942679333e-01 3.243375480218548268e-01
5.127739426890400853e-01 3.225014015587643890e-01
5.154177055871611568e-01 3.206672901508321183e-01
5.179763188306455435e-01 3.188367500849982328e-01
5.204181705084393039e-01 3.170070666213545274e-01
5.227374385952020530e-01 3.151816173988609138e-01
5.249468453540929724e-01 3.133561958947770343e-01
5.271296059813496138e-01 3.115406062594375802e-01
5.292692106950386277e-01 3.097244140083001973e-01
5.312686619401819632e-01 3.079151061104722364e-01
5.332669970268956172e-01 3.061119432826213682e-01
5.352266176638763584e-01 3.043134417253302582e-01
5.371461740705945065e-01 3.025217865957571806e-01
5.390478503933117116e-01 3.007304169147945738e-01
5.410071320652011240e-01 2.989555730066291162e-01
5.429589993010263127e-01 2.971889846542794533e-01
5.450447568618833616e-01 2.954318960785711212e-01
5.473395101292429787e-01 2.936951827624192934e-01
5.499175243149844183e-01 2.919676709157174588e-01
5.527479543595340550e-01 2.902544081658708364e-01
5.557370222412244543e-01 2.885578103304873854e-01
5.587730260660646042e-01 2.868727450419452096e-01
5.618709212320438517e-01 2.851947491144979918e-01
5.648958064546782953e-01 2.835209511508609559e-01
5.676587267825203842e-01 2.818517420747202462e-01
5.701491940521868917e-01 2.801820125153681729e-01
5.725015470312998511e-01 2.785173821644434944e-01
5.747303466879617462e-01 2.768460570803454868e-01
5.768484871704945283e-01 2.751823067246542132e-01
5.789490982900827865e-01 2.735330030619349539e-01
5.810753968617956566e-01 2.718901153743211174e-01
5.833869452584259374e-01 2.702590285324398267e-01
5.859937128164318665e-01 2.686362648308578405e-01
5.888186893006408518e-01 2.670268001292334659e-01
5.916130267698501699e-01 2.654273264697486479e-01
5.943711327791272314e-01 2.638453656434882055e-01
5.971326219589492279e-01 2.622667768371684804e-01
5.998757393714864161e-01 2.606981879020978110e-01
6.026163764902217057e-01 2.591340069030582116e-01
6.052515440630583665e-01 2.575784463508284383e-01
6.077621041342728958e-01 2.560254746396175007e-01
6.102006876531337332e-01 2.544736236828523679e-01
6.125351919310292326e-01 2.529279084209183903e-01
6.147522012878603448e-01 2.513921319196060766e-01
6.169541528819489917e-01 2.498567219516996396e-01
6.190871093281333781e-01 2.483243123743354153e-01
6.211896956053024610e-01 2.467940814814426898e-01
6.232933139288002744e-01 2.452718950759901484e-01
6.253354103112027662e-01 2.437575285391809510e-01
6.274212044737064176e-01 2.422448896741015711e-01
6.294072193587362252e-01 2.407470315049421994e-01
6.314410644597162614e-01 2.392570843816775039e-01
6.334649796688183176e-01 2.377794962685793878e-01
6.354723697258453097e-01 2.363043271687707836e-01
6.374930665347994241e-01 2.348356585110170924e-01
6.394733966304919637e-01 2.333828020688872851e-01
6.414724215004984353e-01 2.319308454115659723e-01
6.434555283204042020e-01 2.304798020911346945e-01
6.454147978439542799e-01 2.290365195443125612e-01
6.473117100518698264e-01 2.276037567615730728e-01
6.492727138332706760e-01 2.261763327679306435e-01
6.512242380965047595e-01 2.247487077245339526e-01
6.530205023927170283e-01 2.233316397064138425e-01
6.549294130796871061e-01 2.219285556242265867e-01
6.568691367151162641e-01 2.205390402517022619e-01
6.586679418042747924e-01 2.191505980763237271e-01
6.606435079172442437e-01 2.177750177279051680e-01
6.623980173377832514e-01 2.164108333768059445e-01
6.642652820672355629e-01 2.150532048135342100e-01
6.660777698909411404e-01 2.136899585954474545e-01
6.678557865207171984e-01 2.123406188729388688e-01
6.695749358643071636e-01 2.109938729719835482e-01
6.714939754040047948e-01 2.096504728477871227e-01
6.731967151968291097e-01 2.083189152713162406e-01
6.749958024287684433e-01 2.070074140116155426e-01
6.766199976058776544e-01 2.056993297588612102e-01
6.785021364669372446e-01 2.043872388467828927e-01
6.802026927172235560e-01 2.030940704680805620e-01
6.820612782489507975e-01 2.018107887116365184e-01
6.837814340728879392e-01 2.005383258480230579e-01
6.854222243748386845e-01 1.992677958399940996e-01
6.872048296159128933e-01 1.980101549566671559e-01
6.888926125704792902e-01 1.967609424602540513e-01
6.906310597695558551e-01 1.955194752505505229e-01
6.922982548485916432e-01 1.942849428715344995e-01
6.939961772715130817e-01 1.930506528030435653e-01
6.956560402116679365e-01 1.918263764043821595e-01
6.973232490106706649e-01 1.906084965124293928e-01
6.989981189534408834e-01 1.893978429139599462e-01
7.005919651692963379e-01 1.881949709334742593e-01
7.022806464844959518e-01 1.869903860584814226e-01
7.038407748192045954e-01 1.858049935314864398e-01
7.054982572434190802e-01 1.846180099503523797e-01
7.070759059021402004e-01 1.834441054113104819e-01
7.086695946916545807e-01 1.822730517199537270e-01
7.102445949110240964e-01 1.811071640012684725e-01
7.118037198677659161e-01 1.799485948927357637e-01
7.133078568851765056e-01 1.787996384650433479e-01
7.148866792029455741e-01 1.776584076012868718e-01
7.163766118545912276e-01 1.765222305665806457e-01
7.179180373571770746e-01 1.754042716052042483e-01
7.194545724667184006e-01 1.742907252049381850e-01
7.209176951523691423e-01 1.731800440152513609e-01
7.223917659090652865e-01 1.720828388422835087e-01
7.239640305467333059e-01 1.709845988273237249e-01
7.254358493354567949e-01 1.698931466546426128e-01
7.269067848628985029e-01 1.688110039266429718e-01
7.283241045580756134e-01 1.677365663603585244e-01
7.298332482219408446e-01 1.666600163085144304e-01
7.312878056484489742e-01 1.655999817679817410e-01
7.327437876934710381e-01 1.645448604429893824e-01
7.341848731272558881e-01 1.634978781996498376e-01
7.355917155977836908e-01 1.624520026424815244e-01
7.370004333583889400e-01 1.614195732956849871e-01
7.384028818641620306e-01 1.603959434478603729e-01
7.397804189435800426e-01 1.593778797237180855e-01
7.411266482888937412e-01 1.583781091781485406e-01
7.424411649223673360e-01 1.573771161408727970e-01
7.438415102333407747e-01 1.563717374466716825e-01
7.452030783570120498e-01 1.553837896125511986e-01
7.465260046621032819e-01 1.543942766621063944e-01
7.478783242834039502e-01 1.534206493292606666e-01
7.492040326161846231e-01 1.524436289951582590e-01
7.505508703522330016e-01 1.514841931587470325e-01
7.518259415737961193e-01 1.505318722623167349e-01
7.531739752094478435e-01 1.495871852751387010e-01
7.543676542396822171e-01 1.486510862600262384e-01
7.556753185444988752e-01 1.477098182976086249e-01
7.569442127815118049e-01 1.467756718624024515e-01
7.581548715625746615e-01 1.458518301717747490e-01
7.594154034149135368e-01 1.449319570288521708e-01
7.606099443523871573e-01 1.440197304498380959e-01
7.617989674792913224e-01 1.431146028284817906e-01
7.630798414426709364e-01 1.422250436822688202e-01
7.642921344270040551e-01 1.413430957641790553e-01
7.654359960733236878e-01 1.404573484172600140e-01
7.666348682599095632e-01 1.395896604212520098e-01
7.678344068421129043e-01 1.387182288942169772e-01
7.689933821685505100e-01 1.378629332635966653e-01
7.701522942850729248e-01 1.370062488880033624e-01
7.713545476866793260e-01 1.361552100329841419e-01
7.724826251196688087e-01 1.353115270346752497e-01
7.736347593183506843e-01 1.344746987969885066e-01
7.747147140743908533e-01 1.336453784846620696e-01
7.758216604489868162e-01 1.328207172579020656e-01
7.768759810913349328e-01 1.320049569778487530e-01
7.780265418785368148e-01 1.311937582984803730e-01
7.791022007754654366e-01 1.303992318948142271e-01
7.802214933546856024e-01 1.296012206668180344e-01
7.812785750578432609e-01 1.288114786347963059e-01
7.823563773887620698e-01 1.280283845788968700e-01
7.833604960172803056e-01 1.272504504417920623e-01
7.843899789931815247e-01 1.264795108246040134e-01
7.854367071820974600e-01 1.257150278213999550e-01
7.864681486485038953e-01 1.249572043895605805e-01
7.874748921150183101e-01 1.241959657091535885e-01
7.884582846174104098e-01 1.234526975119986658e-01
7.894677787035973004e-01 1.227236059127045087e-01
7.904392544023965961e-01 1.219902828377608522e-01
7.914535748994638853e-01 1.212722863066147266e-01
7.924082162980556898e-01 1.205627765062473183e-01
7.933338059089211081e-01 1.198517976952804126e-01
7.942591413411409507e-01 1.191439022339531445e-01
7.951826361784254393e-01 1.184553695973160070e-01
7.960647612699487397e-01 1.177600230979969215e-01
7.969485781655486489e-01 1.170748607541240160e-01
7.977981898327091148e-01 1.163832228664282986e-01
7.986683229554238928e-01 1.157080467628187337e-01
7.995813216054635797e-01 1.150286868474495044e-01
8.004117419574694470e-01 1.143566749190820797e-01
8.011858461909403539e-01 1.136834396650511780e-01
8.020203057547109493e-01 1.130199388606231148e-01
8.027825322425354848e-01 1.123589799716796372e-01
8.035277899339375862e-01 1.117025172190532212e-01
8.042278825088744476e-01 1.110601865318344983e-01
8.049080139048740978e-01 1.104169046110578534e-01
8.055275392104118692e-01 1.097797335774788885e-01
8.060342636649484582e-01 1.091403460188390406e-01
8.065434384910996624e-01 1.085159338184311789e-01
8.070255007082244303e-01 1.078802836130121900e-01
8.073892353141361999e-01 1.072592788644522732e-01
8.078154077297668989e-01 1.066427829747777084e-01
8.083092017692981024e-01 1.060432657479458141e-01
8.088329134953635702e-01 1.054487917534171343e-01
8.095650456334043676e-01 1.048739403588318103e-01
8.104776318560421577e-01 1.043115186359774571e-01
8.118098778517401914e-01 1.037586759848234536e-01
8.131634317118271449e-01 1.032300407353251848e-01
8.145315501595539187e-01 1.027152851024229346e-01
8.160336726174592936e-01 1.021978124907186453e-01
8.175656700548563638e-01 1.016847464071233692e-01
8.188813836555004499e-01 1.011800821733966210e-01
8.199326682547216638e-01 1.006844060079259418e-01
8.209511723114605308e-01 1.001647516338475818e-01
8.219690165346034139e-01 9.966232908613936736e-02
8.228585732206062930e-01 9.915703110155134337e-02
8.234087003236773006e-01 9.866277839002358940e-02
8.241140146016981971e-01 9.816179654648962694e-02
8.248504587617296879e-01 9.766400850336164063e-02
8.254959127898301441e-01 9.717449991110396756e-02
8.263548357312618942e-01 9.669543139995613601e-02
8.271278928044478729e-01 9.622308987490969800e-02
8.279372915772527097e-01 9.575621796798712559e-02
8.286700381857891040e-01 9.529612228695207021e-02
8.292869511365822399e-01 9.483083594527821902e-02
8.299546421339212277e-01 9.438186180601143560e-02
8.305951893618953585e-01 9.392891861823447763e-02
8.312691134850137553e-01 9.347866432590334895e-02
8.319230677813650443e-01 9.303654522149594486e-02
8.325985119320814531e-01 9.259873267340051894e-02
8.332637720678081061e-01 9.215384726334434340e-02
8.339401982991823115e-01 9.172419994259045639e-02
8.345696373604281071e-01 9.130315971010410925e-02
8.351903596138329222e-01 9.088258550781623535e-02
8.358301979657309921e-01 9.047853559030336057e-02
8.364159066415332022e-01 9.007258596704197096e-02
8.370723699656718031e-01 8.966775860506147333e-02
8.377231533610988157e-01 8.927925281897815257e-02
8.382923818934947535e-01 8.888766694618945030e-02
8.388753878900275796e-01 8.850953256202147290e-02
8.394628211086182512e-01 8.812466543100584693e-02
8.400918666540755364e-01 8.775525615332703533e-02
8.406395226346922156e-01 8.737294901896813792e-02
8.412453732482964019e-01 8.701372544659465025e-02
8.418636543443426268e-01 8.664911084501845939e-02
8.425261528714192982e-01 8.628785209853942484e-02
8.430495046561219397e-01 8.593556346335956553e-02
8.434971251978460316e-01 8.558635037195388984e-02
8.440035379944221816e-01 8.525035748031153937e-02
8.445974672052535270e-01 8.490935956934352047e-02
8.451189406052200814e-01 8.457460354773981004e-02
8.456072083336350076e-01 8.424347640630931722e-02
8.461179592700179830e-01 8.391790576763812071e-02
8.466610104328091690e-01 8.359716028102549823e-02
8.471606862106719760e-01 8.327926895695156317e-02
8.476300081791906527e-01 8.296555246757604529e-02
8.481096890146179179e-01 8.264883518129848006e-02
8.485859705996976476e-01 8.235505934039152875e-02
8.490549477455083816e-01 8.204635375228905292e-02
8.495408851851161680e-01 8.175198489039550709e-02
8.499990980408218544e-01 8.146183357831755789e-02
8.504291164278655613e-01 8.117554487045421097e-02
8.508692050924830941e-01 8.089481905888158686e-02
8.513040579186017531e-01 8.061739184590686891e-02
8.517888814990428603e-01 8.034463241832708047e-02
8.523462315546397328e-01 8.007464556549488688e-02
8.528407341889402415e-01 7.980971411705650720e-02
8.532530371827447002e-01 7.955200728383704512e-02
8.536641147863318624e-01 7.929526980624593269e-02
8.540897036884442795e-01 7.905269545157780908e-02
8.545284824817757086e-01 7.880489717670882688e-02
8.549699148683739258e-01 7.856192763777318511e-02
8.554140309305316991e-01 7.832376741763932837e-02
8.558852544701550658e-01 7.808864533245576944e-02
8.563193817090398730e-01 7.785894669083694153e-02
8.566891542467323095e-01 7.763044318618408934e-02
8.570398223549319239e-01 7.740032105182505229e-02
8.574350344235759369e-01 7.718033949145836070e-02
8.578234553554627828e-01 7.695724110023524633e-02
8.581990711064707567e-01 7.674719917408946712e-02
8.585993650323198167e-01 7.653056197034685537e-02
8.590407019842553060e-01 7.632714661685335855e-02
8.594744311644281209e-01 7.611960402249741409e-02
8.598697181681034252e-01 7.592303545971769430e-02
8.602209751609345423e-01 7.573331414121434180e-02
8.605333169279545391e-01 7.554778919262697401e-02
8.608481700415716587e-01 7.536309954277063683e-02
8.612248424721876683e-01 7.518488845723933500e-02
8.616054783416623453e-01 7.499875532809677225e-02
8.619360965807423280e-01 7.481785295579798656e-02
8.622619565221079085e-01 7.465020464956707846e-02
8.625882813735008536e-01 7.447746437013144649e-02
8.629151011194226006e-01 7.431829614295318298e-02
8.632076463578655101e-01 7.415068095318068375e-02
8.634884217999940770e-01 7.399798897571789602e-02
8.637924279537093630e-01 7.384879592616133692e-02
8.641119266288047607e-01 7.370251430624810696e-02
8.644640307066975282e-01 7.355963543533439175e-02
8.648100937613754091e-01 7.342113402204285266e-02
8.651251980977652245e-01 7.328598203588018722e-02
8.654156609672734035e-01 7.315533953594459404e-02
8.656749711181761509e-01 7.301885236014173108e-02
8.659100870142067974e-01 7.288529203942764600e-02
8.661063817132834686e-01 7.275444943166282930e-02
8.662958056412030095e-01 7.263607709430906778e-02
8.666329343438134991e-01 7.252271027716408747e-02
8.670402813748501192e-01 7.241227860573419550e-02
8.673146777448873523e-01 7.230435104679212854e-02
8.675060937979651721e-01 7.220088370548199963e-02
8.677558679621202309e-01 7.210942389582167267e-02
8.680250734431486093e-01 7.201247895588655523e-02
8.682450662174178158e-01 7.191736953508255648e-02
8.684108363793573426e-01 7.182863020311992808e-02
8.687100403301185603e-01 7.173957512724851715e-02
8.691027566198922250e-01 7.165664382640152263e-02
8.693349959860248166e-01 7.157448124084941909e-02
8.694213266862709233e-01 7.149841197921522062e-02
8.695905071650984475e-01 7.142267871682790592e-02
8.698224093501929488e-01 7.135948592689340952e-02
8.700478443122404704e-01 7.129286086858949156e-02
8.702726949361659914e-01 7.123585047531444392e-02
8.704721835402302599e-01 7.118303572924623845e-02
8.706791050539260945e-01 7.112256086624701990e-02
8.708744274419643050e-01 7.107575973085325516e-02
8.710721206993202737e-01 7.103217482131768401e-02
8.712774834335179630e-01 7.098186054833711955e-02
8.715067588589485714e-01 7.094496467485826574e-02
8.717333093380048581e-01 7.090048849184542312e-02
8.719565723383658762e-01 7.086768268402139637e-02
8.721558862763375553e-01 7.083844446072090628e-02
8.723349607022381491e-01 7.081269182211116786e-02
8.724813184119873943e-01 7.078782455388631101e-02
8.725696771282759334e-01 7.076799948730727596e-02
8.726998888257315734e-01 7.075001684585884021e-02
8.728743993662361200e-01 7.073435916474993257e-02
8.730890774390546172e-01 7.071417856912928790e-02
8.733787724074036918e-01 7.069647408457435667e-02
8.735868691445948242e-01 7.069037564634392257e-02
8.736075310713291575e-01 7.067754012338338387e-02
8.736394659730737366e-01 7.066639738995564302e-02
8.737858845968132782e-01 7.065838318560935249e-02
8.739514154342269414e-01 7.065491645363480844e-02
8.741266208280670247e-01 7.066301411302865210e-02
8.742875981402631336e-01 7.066301126273608069e-02
8.744151059833057404e-01 7.065941344769928467e-02
8.745463560377323420e-01 7.067297009941336805e-02
8.746675982389697790e-01 7.067469692812332338e-02
8.747960057040945481e-01 7.068581752176179844e-02
8.749314707136820468e-01 7.070028922224873280e-02
8.750747935502937169e-01 7.071815148097751469e-02
8.752011045808079093e-01 7.072972383438266841e-02
8.753065552714042186e-01 7.074447171434958270e-02
8.753939868038185246e-01 7.076854781396657579e-02
8.754866690566099896e-01 7.079578996856754347e-02
8.756202880042458503e-01 7.081692906104251894e-02
8.757623204533709904e-01 7.084923227878943408e-02
8.758724739782217661e-01 7.087614249052018311e-02
8.759772880878480272e-01 7.090553139483861400e-02
8.760808143730045572e-01 7.093731653060778020e-02
8.761702025550247575e-01 7.097285584656898294e-02
8.762215985200150214e-01 7.100787776164903253e-02
8.762687140285466691e-01 7.104729483467789319e-02
8.763691164340486894e-01 7.108963816889696252e-02
8.764863567663152555e-01 7.113392539490606681e-02
8.765780758758244806e-01 7.117107160037829117e-02
8.766416350835781746e-01 7.122030255333861026e-02
8.766920531063066013e-01 7.127130227963168752e-02
8.767336393779365800e-01 7.132374782487385656e-02
8.767648265807811425e-01 7.137273922977213636e-02
8.767903978189826031e-01 7.142890863220963116e-02
8.768397459368778568e-01 7.148955931611747361e-02
8.769065405631996102e-01 7.155238262214365375e-02
8.769799311373428496e-01 7.161604178102717877e-02
8.770571705962398878e-01 7.168443807211674623e-02
8.770615119593730968e-01 7.176059433327576509e-02
8.770123881597059468e-01 7.182942499948408166e-02
8.770376841221528830e-01 7.190276821285597475e-02
8.771335667048014706e-01 7.197868323989088657e-02
8.772017147524336922e-01 7.206526830923914995e-02
8.772283956015378692e-01 7.214373519813664648e-02
8.772450505582880531e-01 7.223285641043741823e-02
8.772453991413197150e-01 7.231797617415465507e-02
8.772569891563761768e-01 7.241119363078821203e-02
8.772878912801319595e-01 7.251291050514468983e-02
8.773118656794286485e-01 7.260962582152098721e-02
8.773622683774157105e-01 7.271017418978305280e-02
8.773502687354789442e-01 7.281703065767736183e-02
8.772556005362929232e-01 7.291856375565967940e-02
8.772325911383845876e-01 7.302376210721681082e-02
8.773085672876197449e-01 7.312434723930871794e-02
8.773573684692453911e-01 7.322054610599447455e-02
8.773880708067133272e-01 7.331777000537778588e-02
8.773441515230280263e-01 7.340232822746450836e-02
8.772587466912838972e-01 7.348053268407035710e-02
8.769893481595080198e-01 7.355869154317203062e-02
8.764365184732078040e-01 7.362665263581726072e-02
8.760004271101099471e-01 7.369851269183357034e-02
8.758448191411847272e-01 7.377640517239132667e-02
8.758195543684830220e-01 7.386825641998220893e-02
8.759367130703349380e-01 7.397008539552120399e-02
8.760395651586552201e-01 7.407415193739194659e-02
8.760444545279727491e-01 7.419269991339801085e-02
8.760483569294376105e-01 7.431124716882368808e-02
8.761368429600269181e-01 7.444151854498427812e-02
8.761991743859356419e-01 7.457773234525523487e-02
8.761565015397660972e-01 7.471467823600792812e-02
8.761221368869375192e-01 7.486062524460229683e-02
8.761504005969504849e-01 7.500169787859164994e-02
8.762082073091587153e-01 7.515234933390810279e-02
8.763060407720171252e-01 7.529905950317347663e-02
8.763437565698002363e-01 7.544662695731123303e-02
8.761951830445380285e-01 7.559070409922433176e-02
8.760089839925492283e-01 7.573568573848277197e-02
8.758920082857977185e-01 7.588389548451815458e-02
8.758427296697316455e-01 7.603471210128143198e-02
8.759163868615132964e-01 7.619226842796110455e-02
8.760247004353092226e-01 7.634482042133476642e-02
8.760709662391437114e-01 7.650254852024979124e-02
8.760648229089241790e-01 7.666274332974092054e-02
8.760138139056652395e-01 7.682094778217929409e-02
8.759301799215418738e-01 7.698151196681113362e-02
8.758528533810262529e-01 7.713651547992889101e-02
8.757734165033314033e-01 7.730040073905362907e-02
8.756870580043333296e-01 7.746466833823126286e-02
8.755918518520739990e-01 7.762613086163711040e-02
8.755648785886236407e-01 7.779488652556175443e-02
8.755739613043224123e-01 7.796699183842083214e-02
8.755158501750188726e-01 7.813774288386968192e-02
8.754177495899017059e-01 7.830892094267725978e-02
8.753937749255720213e-01 7.848485514928364715e-02
8.754127353350474872e-01 7.866200809634811553e-02
8.752927147499895977e-01 7.883638731116039688e-02
8.750774078911079945e-01 7.901096840967902768e-02
8.749156381142925154e-01 7.918749375381869959e-02
8.747916799039349156e-01 7.936471911097166265e-02
8.747929653381676385e-01 7.954912224118533548e-02
8.749066926075556028e-01 7.973332033602339997e-02
8.748698787464761484e-01 7.991893904241098578e-02
8.746801070177666615e-01 8.010179368853249937e-02
8.745113785520076677e-01 8.028524867321186476e-02
8.743321761689576421e-01 8.046467751787347855e-02
8.742958058714128677e-01 8.065646804872102227e-02
8.743990125633367416e-01 8.085130936109979904e-02
8.743526264044079177e-01 8.104136849926442399e-02
8.741460716528789421e-01 8.122967938381722708e-02
8.740146138661057940e-01 8.142164318810224399e-02
8.739718560649919477e-01 8.161469847672614408e-02
8.738489720962802076e-01 8.180609902654600862e-02
8.736175757552488985e-01 8.199848112276789114e-02
8.734344696593094870e-01 8.219010570572722607e-02
8.733166338296747266e-01 8.238305989220828796e-02
8.731958752567479110e-01 8.257896059444359838e-02
8.730691898815632346e-01 8.278098366124940488e-02
8.729351080831045939e-01 8.297800151643466848e-02
8.728018396914022370e-01 8.317695574426685334e-02
8.726378116661027695e-01 8.337485882666895165e-02
8.724255880270310737e-01 8.357388236295369699e-02
8.722382001977377897e-01 8.377768610759794843e-02
8.720963383921896961e-01 8.398135359724169524e-02
8.719601076441776399e-01 8.419005677953213251e-02
8.718078164844569322e-01 8.439478649370507624e-02
8.716691395756864802e-01 8.460499825816159003e-02
8.715946719995535386e-01 8.481829052207490172e-02
8.714836375879689845e-01 8.502855751768834125e-02
8.713032727297478353e-01 8.524009983924205058e-02
8.710941609179848610e-01 8.545225259894213832e-02
8.708641316604717186e-01 8.566565066582203236e-02
8.706592123167565811e-01 8.587531736148402983e-02
8.705653464909058892e-01 8.609475769414771940e-02
8.704463594037129548e-01 8.631097005581979398e-02
8.702357887279164039e-01 8.652246729383024360e-02
8.700192811243993019e-01 8.674010243501978357e-02
8.698973761257409176e-01 8.695745859156377155e-02
8.697828131983124100e-01 8.717574615944831407e-02
8.695583032599669693e-01 8.739180304091841156e-02
8.693365826020126308e-01 8.761365012775651495e-02
8.692819074904366561e-01 8.783840199277684335e-02
8.692534176634294507e-01 8.806483541824430827e-02
8.690804236095076574e-01 8.828718059314628885e-02
8.688356173700014784e-01 8.851068514922477704e-02
8.685744904902105157e-01 8.873065185671467903e-02
8.682974007882644507e-01 8.894895731342654377e-02
8.679955800502365815e-01 8.917264951962153297e-02
8.676887515060806022e-01 8.939270382428678163e-02
8.675412354973243145e-01 8.962130269675921967e-02
8.674682155384416671e-01 8.985291130462405573e-02
8.672271348056872498e-01 9.008201754491705626e-02
8.668972323425718773e-01 9.030173262991907090e-02
8.667114266941373657e-01 9.053049477987085147e-02
8.665797166224814552e-01 9.076381180859754982e-02
8.663347412611367426e-01 9.099292720820960356e-02
8.660116966437096941e-01 9.121832761149281654e-02
8.657154400494748714e-01 9.144188610822316654e-02
8.654407926680262042e-01 9.167194255657584723e-02
8.652862803314819162e-01 9.190667607351230006e-02
8.652210991903344084e-01 9.214687117217335022e-02
8.650189765805291753e-01 9.237868280050273717e-02
8.647427039897499501e-01 9.261220973527491129e-02
8.645172593042632636e-01 9.284710925935243941e-02
8.643492320718992872e-01 9.308586479922237311e-02
8.641062710458904395e-01 9.332069214051705308e-02
8.637967044541025041e-01 9.355598039533198629e-02
8.635407305412455825e-01 9.379262003890727339e-02
8.633323416583057464e-01 9.403103737172931187e-02
8.630847886655025336e-01 9.427031605907279510e-02
8.627834356387344972e-01 9.450695169190867495e-02
8.625237152113467420e-01 9.474646952162865676e-02
8.623147888926825377e-01 9.498436398989894280e-02
8.620832147719783567e-01 9.522550581454911067e-02
8.618211518846501384e-01 9.546650958062750936e-02
8.616135583241985030e-01 9.571140258194302253e-02
8.614612639654960491e-01 9.595855645205751683e-02
8.612980667980341121e-01 9.620539305261988083e-02
8.610693806329327016e-01 9.645098956124892320e-02
8.608939357024721906e-01 9.669809597283805791e-02
8.608188178313045391e-01 9.695388166716643885e-02
8.606242235061489776e-01 9.719978116312420757e-02
8.602041349032810702e-01 9.743866849985298451e-02
8.598748871853901798e-01 9.768039235106615314e-02
8.597845859226161958e-01 9.793565961196401548e-02
8.596590175052986060e-01 9.819001062719186212e-02
8.593449048316380567e-01 9.843589982938030780e-02
8.590808811068921802e-01 9.868648065501940680e-02
8.589718172918414663e-01 9.894277711237790818e-02
8.588257903632583456e-01 9.919637765019130582e-02
8.584958265705845415e-01 9.944622154842108763e-02
8.581929557827140398e-01 9.969590394547103718e-02
8.580800547565649028e-01 9.995498493500269699e-02
8.579767272495620878e-01 1.002147341400445174e-01
8.577334459897280050e-01 1.004711362553350196e-01
8.574800643201344608e-01 1.007257783371467985e-01
8.573300724375554349e-01 1.009841409080040470e-01
8.571668993707479700e-01 1.012452866162772691e-01
8.568414222407245706e-01 1.014964128493932444e-01
8.565254384124759701e-01 1.017490887612556572e-01
8.563608006882981183e-01 1.020107648134344625e-01
8.562488369195547788e-01 1.022742362863211102e-01
8.560575249799042830e-01 1.025340298677209078e-01
8.558565950336949335e-01 1.027922876041070660e-01
8.557780187723444953e-01 1.030607711600751847e-01
8.557101947617951065e-01 1.033259332710171896e-01
8.554794491527710765e-01 1.035854247643637621e-01
8.551789489359290508e-01 1.038400457653167741e-01
8.548856247105409700e-01 1.040957627062097796e-01
8.546173638812643025e-01 1.043532718224332717e-01
8.544312158277017621e-01 1.046141410146452649e-01
8.542879591031664610e-01 1.048789730078774629e-01
8.540532715406075059e-01 1.051413475706658301e-01
8.537767212569863373e-01 1.053979465865496207e-01
8.535343052072718040e-01 1.056589534046786932e-01
8.533250609714518875e-01 1.059225711785790058e-01
8.531862882911253054e-01 1.061900510223814931e-01
8.531019043381461442e-01 1.064601598875870025e-01
8.528652617802654490e-01 1.067226496745507652e-01
8.525395722559542255e-01 1.069805246190640019e-01
8.523475220365061000e-01 1.072444058211841494e-01
8.522588465494611576e-01 1.075184226112105151e-01
8.521102034712222384e-01 1.077855629138675247e-01
8.519335045549691898e-01 1.080531075987944262e-01
8.517213660808961029e-01 1.083167609830950062e-01
8.514715849108471790e-01 1.085802563430119938e-01
8.512862043569670023e-01 1.088472825188313564e-01
8.511425563308907538e-01 1.091165421744026420e-01
8.509632516508350841e-01 1.093855865085517770e-01
8.507343101754363257e-01 1.096485241994229060e-01
8.505188800709182484e-01 1.099143452776164126e-01
8.503221058508728669e-01 1.101807357496397549e-01
8.500438798441343202e-01 1.104433678084534992e-01
8.496781581150824048e-01 1.106993581965732970e-01
8.493650602982211195e-01 1.109611825116168515e-01
8.491475921530261539e-01 1.112280751861540878e-01
8.489608426074976011e-01 1.114937192906374219e-01
8.488035647296113817e-01 1.117661009693170782e-01
8.486563244316748245e-01 1.120359184764409127e-01
8.485356831183393789e-01 1.123091604550595368e-01
8.483530006653299260e-01 1.125786192175262934e-01
8.480890133457854585e-01 1.128442962248766140e-01
8.478529460488322123e-01 1.131087411598199338e-01
8.476936381506388063e-01 1.133820196244739592e-01
8.475887062835416597e-01 1.136575429466392395e-01
8.475528095099502668e-01 1.139344834037316206e-01
8.474289999721881239e-01 1.142095616720470441e-01
8.470958739345001431e-01 1.144687008552715268e-01
8.467697287481852353e-01 1.147290792783969005e-01
8.465767845594136531e-01 1.149985863752996107e-01
8.463544278517327601e-01 1.152672740730107948e-01
8.459668320721672741e-01 1.155227304226294216e-01
8.456246965750179312e-01 1.157819621106308261e-01
8.454386122549993887e-01 1.160519234231112973e-01
8.453023489396491730e-01 1.163264975163061654e-01
8.451833373685539996e-01 1.166028529496432459e-01
8.450218265173952137e-01 1.168743628359172337e-01
8.447116790049000734e-01 1.171362132623510743e-01
8.443750915774922428e-01 1.173971037122033406e-01
8.440888479683651413e-01 1.176622065942709155e-01
8.438503802351862149e-01 1.179278964176572048e-01
8.437186209155072003e-01 1.182047470258057870e-01
8.436265371535505153e-01 1.184819272149489344e-01
8.434697764526806196e-01 1.187554048652954275e-01
8.432818622685340770e-01 1.190239026239175296e-01
8.430475679095353891e-01 1.192930937795571855e-01
8.428049350496565895e-01 1.195588387370967454e-01
8.425794760479461409e-01 1.198264358750201902e-01
8.423636286923529282e-01 1.200952233891676851e-01
8.421473260969914998e-01 1.203609739393417671e-01
8.419381319152053900e-01 1.206311289210055260e-01
8.417587217101669683e-01 1.209006810417793121e-01
8.415839725258613679e-01 1.211709013900124227e-01
8.414008614981696166e-01 1.214412460951530409e-01
8.411945359086966389e-01 1.217068369768878333e-01
8.409164838380098761e-01 1.219714851409461065e-01
8.406328858659006809e-01 1.222327858433581160e-01
8.404398607240518571e-01 1.225013293725926711e-01
8.403097330622824046e-01 1.227748446137733040e-01
8.401534714802227910e-01 1.230439054518048247e-01
8.399968002197139016e-01 1.233166066439529696e-01
8.398063957322369211e-01 1.235843372555331110e-01
8.395976998316818651e-01 1.238512980449904266e-01
8.393530505974002853e-01 1.241161548471177156e-01
8.390673584316792333e-01 1.243752062311002382e-01
8.388244233872382827e-01 1.246409300029478057e-01
8.386054562356644038e-01 1.249065550500823157e-01
8.383965922873605203e-01 1.251727039618253934e-01
8.381867726167772092e-01 1.254399264656516078e-01
8.380121310081516395e-01 1.257096585142226386e-01
8.378645384957013054e-01 1.259786882367963101e-01
8.375597098840260601e-01 1.262370519792132273e-01
8.371117712685584022e-01 1.264839829684699934e-01
8.368494066044781521e-01 1.267458081655316593e-01
8.368023123936189078e-01 1.270252088293730708e-01
8.366447067689802841e-01 1.272957527988242687e-01
8.363231220664264498e-01 1.275509646949290754e-01
8.359955580072787606e-01 1.278069123677968155e-01
8.357010210477713308e-01 1.280648189530300129e-01
8.355415650191636567e-01 1.283335393521732593e-01
8.356171980651817544e-01 1.286178270323886930e-01
8.355338306706753260e-01 1.288941816480972113e-01
8.351795520179676746e-01 1.291460160469252161e-01
8.348750876301824775e-01 1.294021015593241064e-01
8.347174920451232438e-01 1.296707546128470223e-01
8.345324909357361154e-01 1.299368679445855324e-01
8.342471018342498823e-01 1.301919498079378845e-01
8.339204244451868808e-01 1.304453346272074765e-01
8.335539409516631304e-01 1.306986024250952894e-01
8.332802713835100183e-01 1.309520562744246608e-01
8.331724034091482212e-01 1.312238450144660173e-01
8.330722707306820185e-01 1.314957025764823817e-01
8.328819121734717390e-01 1.317573134018710235e-01
8.326538889468857452e-01 1.320194346016151932e-01
8.324277882705712894e-01 1.322789599016242768e-01
8.321608145153254199e-01 1.325330247557710839e-01
8.318343769177186653e-01 1.327851205566745463e-01
8.315229915691902951e-01 1.330382716534956322e-01
8.313481284340157318e-01 1.332995104085122062e-01
8.311825415778993920e-01 1.335621845889060910e-01
8.308813544655362371e-01 1.338153645349186016e-01
8.305638315872045929e-01 1.340658531203203219e-01
8.302858381249156317e-01 1.343197765373509989e-01
8.300547694285396183e-01 1.345744706168211235e-01
8.298786236971733565e-01 1.348395546053392791e-01
8.297312549071310661e-01 1.351017084688253822e-01
8.294815617716723155e-01 1.353560848488763457e-01
8.292031769726621038e-01 1.356097979899219541e-01
8.289979267993224932e-01 1.358645894250609665e-01
8.288058121390985411e-01 1.361257923988475338e-01
8.285822902714077287e-01 1.363799937585780941e-01
8.283251951508686650e-01 1.366330315936891970e-01
8.280664080805077987e-01 1.368848986551679803e-01
8.278178087695382548e-01 1.371371867023251367e-01
8.276686805038404593e-01 1.374000086703691392e-01
8.275650422573270770e-01 1.376619632142663252e-01
8.272808686348090967e-01 1.379121582608196783e-01
8.268812568511987315e-01 1.381516386920187689e-01
8.266092456030653679e-01 1.383997309477937310e-01
8.264034662029717815e-01 1.386538126501759283e-01
8.261887452736905724e-01 1.389056847959653507e-01
8.259749177309231305e-01 1.391596909022582707e-01
8.257539832474979358e-01 1.394093785230803018e-01
8.255249112786557930e-01 1.396592112685807741e-01
8.253082383710386161e-01 1.399131709243214838e-01
8.251216744725420327e-01 1.401653676252867797e-01
8.249267811950307117e-01 1.404181732049243070e-01
8.247116835476777652e-01 1.406698048071401697e-01
8.244501312205634314e-01 1.409138107700212139e-01
8.241225410469197321e-01 1.411517540609051602e-01
8.238583429518090417e-01 1.413986862691416213e-01
8.236725870909127334e-01 1.416494458227035014e-01
8.234617137635437123e-01 1.418986523456161886e-01
8.232142989906857666e-01 1.421443245417532419e-01
8.230057382501745344e-01 1.423904871209995260e-01
8.228069115669327527e-01 1.426437395924077256e-01
8.226643258773163048e-01 1.428956871269742857e-01
8.225801093282065768e-01 1.431530884510042734e-01
8.223950630744711887e-01 1.434020902038203038e-01
8.220863385944647828e-01 1.436385508146850176e-01
8.217667803636834467e-01 1.438756212183079086e-01
8.214254817474163639e-01 1.441072153962871250e-01
8.211280453258816836e-01 1.443490583537188066e-01
8.209525044104953873e-01 1.445956733930005289e-01
8.207698094001188993e-01 1.448413519067286159e-01
8.205521859594619993e-01 1.450847795049987343e-01
8.203380181726973586e-01 1.453269350771069501e-01
8.201443610697721764e-01 1.455728587404326035e-01
8.199638328560747702e-01 1.458154946825924447e-01
8.197875650989889795e-01 1.460621520939192064e-01
8.195824167259156967e-01 1.463027357577284804e-01
8.192840002727677096e-01 1.465358158581135939e-01
8.190101775544341711e-01 1.467707714985654333e-01
8.188164359196951070e-01 1.470161058720282077e-01
8.186477524223783053e-01 1.472565244890582103e-01
8.184389729300265426e-01 1.474979214044090658e-01
8.182088005309842149e-01 1.477364686894883927e-01
8.179369847285493655e-01 1.479687030081296983e-01
8.176829668344290925e-01 1.482015451321661292e-01
8.174770275910785422e-01 1.484389843511913221e-01
8.172655687628229693e-01 1.486769459293609819e-01
8.169433529472525102e-01 1.489038464131867134e-01
8.166233976570979047e-01 1.491309006395989956e-01
8.164534818896078683e-01 1.493688935155261521e-01
8.163099978312112759e-01 1.496094616621156670e-01
8.160554746900184897e-01 1.498423442152279350e-01
8.158030166825820384e-01 1.500728657561296309e-01
8.156668154216434319e-01 1.503138561030701592e-01
8.155375448728994225e-01 1.505555082721712623e-01
8.153217759315636304e-01 1.507855281086913357e-01
8.150526987801550716e-01 1.510139715652986381e-01
8.147929872146277841e-01 1.512433412171647618e-01
8.145598760105219327e-01 1.514721789098922300e-01
8.143615200069714843e-01 1.516998287079134311e-01
8.141665098083531449e-01 1.519356416592033132e-01
8.139602383544830566e-01 1.521664483830606485e-01
8.137347304835427231e-01 1.523951088948808097e-01
8.135042417203562914e-01 1.526205305649668553e-01
8.132714554544402397e-01 1.528487403027350700e-01
8.131537898225206229e-01 1.530879708096538339e-01
8.131068739730724637e-01 1.533265174521301621e-01
8.128158224894934669e-01 1.535494184289076525e-01
8.123862690946132004e-01 1.537552150867860234e-01
8.121823113941105676e-01 1.539825439537370055e-01
8.121394569398689978e-01 1.542251674905988634e-01
8.119665419702551956e-01 1.544554985026288518e-01
8.117049021755755600e-01 1.546743129928400684e-01
8.114579970935011932e-01 1.548970325736901965e-01
8.112473511720885710e-01 1.551199335262970214e-01
8.110059564450641245e-01 1.553361904796231874e-01
8.107253049043098292e-01 1.555558454312870320e-01
8.105103093471606179e-01 1.557745510038768544e-01
8.103282356018991495e-01 1.560031702751979721e-01
8.101370650506182214e-01 1.562242176938282989e-01
8.099196458910971064e-01 1.564426021657181198e-01
8.096993058295187673e-01 1.566642016185159914e-01
8.095109817346581860e-01 1.568816774229269961e-01
8.093345829064367836e-01 1.571034549057835628e-01
8.091908035448184267e-01 1.573322425498501209e-01
8.090172878734328554e-01 1.575504308072048221e-01
8.087924434921930361e-01 1.577678848860813166e-01
8.085307092127220763e-01 1.579773019502074827e-01
8.082027013145682837e-01 1.581796274518975642e-01
8.079946240489329634e-01 1.583986222847724168e-01
8.080495313552605863e-01 1.586394687465695896e-01
8.079631343765920626e-01 1.588700526236187238e-01
8.075908474798311198e-01 1.590636123762069754e-01
8.072550181446208617e-01 1.592659583474340113e-01
8.070411170140336932e-01 1.594794595455626407e-01
8.068570399893926215e-01 1.596914404273856170e-01
8.066185977726597622e-01 1.599033629536101841e-01
8.064412039153979750e-01 1.601164763403241098e-01
8.063652018309469538e-01 1.603434203396827129e-01
8.062709618884479346e-01 1.605646608945150433e-01
8.060192818946882998e-01 1.607707364824682572e-01
8.057583461102298950e-01 1.609787445693750263e-01
8.056078317371622166e-01 1.611902451668955349e-01
8.054377331091712167e-01 1.614033233209874185e-01
8.051994692064775583e-01 1.616059553714746244e-01
8.049481612265889652e-01 1.618115692771718017e-01
8.047913513471873781e-01 1.620212767437981816e-01
8.046307517047470714e-01 1.622351393902053684e-01
8.044629677397155953e-01 1.624451834281378515e-01
8.042731560763171084e-01 1.626512631159321987e-01
8.040149133543107451e-01 1.628470683600883040e-01
8.037508917061376712e-01 1.630464166910565171e-01
8.036608843010674130e-01 1.632587993862119891e-01
8.036129665593872984e-01 1.634759265295273323e-01
8.034133477638789600e-01 1.636809777612573402e-01
8.031727732873330527e-01 1.638771308016467587e-01
8.029290970225506641e-01 1.640738601438836708e-01
8.027062164975119485e-01 1.642672867330207676e-01
8.025364881415122387e-01 1.644705798253675855e-01
8.023931953255514227e-01 1.646728371570722327e-01
8.021933741174611665e-01 1.648691924854810698e-01
8.019734906322206758e-01 1.650592267722606754e-01
8.017837096215904014e-01 1.652558403584678259e-01
8.016111384174647858e-01 1.654533282521689908e-01
8.014648249385821766e-01 1.656502111372189778e-01
8.013223403343808782e-01 1.658513424352889842e-01
8.011305639622844366e-01 1.660384058370024396e-01
8.009084153024202957e-01 1.662220848501774761e-01
8.007260501138536712e-01 1.664188780772223319e-01
8.006010378267927052e-01 1.666116680105662884e-01
8.004421971927557777e-01 1.668020322783056453e-01
8.002579836042887917e-01 1.669891733818128221e-01
8.000367629390565671e-01 1.671717581332755054e-01
7.997826408935184705e-01 1.673509579496808564e-01
7.996115773972735097e-01 1.675346426345705741e-01
7.995101945619931261e-01 1.677294982172889692e-01
7.993625358917852974e-01 1.679156041076200478e-01
7.991659377549361620e-01 1.680993084033338414e-01
7.990050142577272974e-01 1.682830054859343338e-01
7.988633203809388794e-01 1.684737813030042775e-01
7.987263647737621319e-01 1.686593034993513485e-01
7.985798869810223355e-01 1.688439647758859519e-01
7.983959571658988397e-01 1.690215496067887513e-01
7.981801738883116393e-01 1.691977698403046015e-01
7.979877685879747107e-01 1.693764749911823297e-01
7.978082491169952162e-01 1.695576612895875190e-01
7.976912795962304292e-01 1.697404974812174727e-01
7.976009548301725705e-01 1.699337191258521451e-01
7.974915942669854596e-01 1.701165520778541163e-01
7.972983904571577796e-01 1.702957656637102413e-01
7.971332796153257627e-01 1.704722379488261552e-01
7.969879460315336672e-01 1.706551103901810529e-01
7.968149839733003059e-01 1.708314669523647578e-01
7.965873511895220638e-01 1.710006311095275122e-01
7.963820684878655243e-01 1.711731235014692099e-01
7.962865024695391369e-01 1.713602784782467803e-01
7.961682538331313896e-01 1.715411282324661724e-01
7.959733209579689106e-01 1.717134404016311955e-01
7.957893361386838560e-01 1.718908378146184746e-01
7.956535555784183256e-01 1.720740216011992230e-01
7.954986853104347722e-01 1.722469714942783114e-01
7.952256832619887250e-01 1.724095577674112367e-01
7.949698342471988033e-01 1.725786255603438124e-01
7.948741612367207221e-01 1.727566921842188519e-01
7.947966078220189967e-01 1.729403124946089776e-01
7.946574654221133516e-01 1.731183571428865087e-01
7.944950804305190850e-01 1.732912964234623043e-01
7.942567315682060869e-01 1.734520897111108684e-01
7.940209515282681263e-01 1.736185011158838942e-01
7.939170991312598513e-01 1.737941501389672627e-01
7.938398524683411006e-01 1.739713547301526553e-01
7.937153219913956059e-01 1.741500140521338724e-01
7.935927122825827684e-01 1.743178854859775695e-01
7.934506874312372560e-01 1.744876965352108733e-01
7.932677857816514688e-01 1.746545473619491862e-01
7.930147693637076278e-01 1.748118699651143304e-01
7.927563221723512576e-01 1.749637750952443283e-01
7.926108223095181815e-01 1.751287323213474023e-01
7.925053781307010992e-01 1.752972204115066379e-01
7.922985119834431433e-01 1.754596400034398596e-01
7.920895449275987543e-01 1.756159791941974968e-01
7.919936452546767480e-01 1.757851109654456345e-01
7.919355418868029295e-01 1.759574271928251166e-01
7.918545562387204750e-01 1.761268766546580100e-01
7.917437272657401603e-01 1.762896895995045843e-01
7.915521865643616595e-01 1.764463931220138782e-01
7.913087548722577136e-01 1.765928026709134568e-01
7.911519824284001245e-01 1.767501960259239002e-01
7.910520602225751263e-01 1.769121469197475482e-01
7.909197869057554842e-01 1.770705155819316534e-01
7.907667804016070834e-01 1.772321009203373099e-01
7.906194085417519446e-01 1.773874934868668596e-01
7.904555284455093700e-01 1.775414771111691603e-01
7.902857756811046963e-01 1.776935382809552433e-01
7.900949026178133439e-01 1.778406649615794644e-01
7.899232376811378131e-01 1.779920406190796389e-01
7.897655441616120431e-01 1.781417727961579489e-01
7.896287580907012105e-01 1.782936269557877373e-01
7.895317006527042825e-01 1.784522333075926059e-01
7.894395053333868040e-01 1.786135958156344627e-01
7.893841668431089698e-01 1.787734363543055927e-01
7.892581018590419939e-01 1.789245762903901582e-01
7.890456482083282319e-01 1.790647647678562104e-01
7.888329856744593638e-01 1.792077326071850052e-01
7.886370309303838422e-01 1.793493500185701361e-01
7.885027520400406109e-01 1.794983745374519324e-01
7.884358755032391253e-01 1.796510084483677883e-01
7.883390730054961049e-01 1.798089314714011733e-01
7.882344615547189903e-01 1.799556755141824005e-01
7.880810505559711077e-01 1.800975900302469179e-01
7.878594802804688157e-01 1.802309438103628370e-01
7.876473082830937056e-01 1.803707009966535879e-01
7.874792873722223918e-01 1.805092389442427836e-01
7.873596744451611951e-01 1.806529769155560683e-01
7.873040833257138882e-01 1.808041900372682198e-01
7.872246649341447799e-01 1.809509791480229945e-01
7.870644831468402991e-01 1.810917427416128822e-01
7.869042894743273342e-01 1.812300072371414161e-01
7.867659579446122375e-01 1.813662332051298454e-01
7.866030737560644193e-01 1.815019251027959468e-01
7.863737063539332217e-01 1.816326741387978561e-01
7.861790783005812022e-01 1.817613879808814004e-01
7.860972942368212868e-01 1.819021264211467537e-01
7.860313177307370891e-01 1.820448939866727844e-01
7.859730262908798393e-01 1.821875282081923397e-01
7.858617947703117057e-01 1.823300474421208350e-01
7.856941255127423140e-01 1.824596640621432841e-01
7.855063792065477557e-01 1.825833786144798465e-01
7.852916098184437033e-01 1.827065612679356910e-01
7.850891839946991801e-01 1.828270691111894275e-01
7.848793200038193252e-01 1.829560301279094525e-01
7.847386279887644811e-01 1.830835850173249957e-01
7.847796790109290432e-01 1.832303087204077419e-01
7.848334553761937560e-01 1.833826799898007065e-01
7.846962375786949995e-01 1.835091262119768474e-01
7.844820945693823377e-01 1.836314631737325231e-01
7.843599554160967102e-01 1.837579832822909542e-01
7.842617687811626048e-01 1.838856157025481053e-01
7.841725994440378322e-01 1.840146667007726833e-01
7.840671943228644247e-01 1.841421713589239950e-01
7.838500890625058615e-01 1.842593010838285972e-01
7.836037599419567456e-01 1.843701223717668369e-01
7.834635106809872962e-01 1.844886662709424863e-01
7.833907205363271897e-01 1.846190811106568352e-01
7.833537148106998194e-01 1.847486389780687299e-01
7.833206692768767132e-01 1.848793495866584424e-01
7.831426936593397503e-01 1.849923266620242257e-01
7.828794357807782323e-01 1.850939959324525430e-01
7.827432227474589999e-01 1.852164433865173543e-01
7.826974791383037866e-01 1.853444862719182407e-01
7.826152523138947270e-01 1.854656325196716304e-01
7.825163408275072063e-01 1.855772366665508211e-01
7.823706550648450442e-01 1.856907477231787840e-01
7.821956381212803455e-01 1.858006026607289807e-01
7.820375355308016863e-01 1.859082308985022525e-01
7.818976339714642787e-01 1.860179634717281372e-01
7.817525709495826147e-01 1.861308631418767401e-01
7.816476834457440903e-01 1.862380261537684434e-01
7.815767136170858054e-01 1.863548327482369427e-01
7.815550843974700124e-01 1.864753841970353265e-01
7.814988909539016815e-01 1.865869729195832050e-01
7.813616662002127455e-01 1.866938037382679660e-01
7.812698839199273548e-01 1.868058773776254955e-01
7.812377652341750967e-01 1.869185967417602567e-01
7.811487633865326075e-01 1.870273624727565587e-01
7.810151871653189248e-01 1.871274305922681624e-01
7.808571495706996268e-01 1.872265930289168379e-01
7.806795872738289122e-01 1.873199082112122493e-01
7.805532000276510507e-01 1.874229273097473003e-01
7.805102093694668008e-01 1.875280302003263511e-01
7.804290197714870425e-01 1.876367564560652013e-01
7.803205406903793717e-01 1.877394033170030341e-01
7.801922152400087018e-01 1.878335632070261829e-01
7.800206733958429117e-01 1.879283983352690035e-01
7.798648323437863406e-01 1.880170301410351852e-01
7.797035657724259439e-01 1.881116450416280284e-01
7.796123752064234580e-01 1.882116507131761929e-01
7.796901014855180945e-01 1.883272611244109496e-01
7.796712095894858807e-01 1.884361464915902118e-01
7.793916472630606496e-01 1.885063840040925587e-01
7.791948104297070632e-01 1.885933828894363062e-01
7.792845136270410977e-01 1.887120295514468082e-01
7.793827017216150566e-01 1.888240980084997800e-01
7.793080134261071157e-01 1.889254631671486162e-01
7.792072067323048135e-01 1.890195161113320255e-01
7.791282867796606171e-01 1.891088045781170179e-01
7.790189358918914175e-01 1.892012578244356702e-01
7.788791028141910378e-01 1.892886990769296063e-01
7.787317621026927927e-01 1.893761844572366959e-01
7.785635944571749345e-01 1.894590815837528808e-01
7.784199896001355867e-01 1.895422648307024116e-01
7.783128624786876948e-01 1.896323604659781170e-01
7.782330302564670621e-01 1.897224802217909734e-01
7.781280440896757300e-01 1.898102493795305878e-01
7.780395090498781752e-01 1.898989443224666784e-01
7.780196309884002126e-01 1.899893986183476269e-01
7.779791422261983502e-01 1.900830000521354091e-01
7.778460878629736008e-01 1.901629481601120053e-01
7.776897648348579661e-01 1.902410143486674421e-01
7.775958688129271934e-01 1.903276481389241659e-01
7.775267120398566822e-01 1.904143325688514299e-01
7.774370020739850284e-01 1.905044050247390597e-01
7.773797391311695337e-01 1.905887636992245060e-01
7.773191006358675104e-01 1.906743445180449359e-01
7.772671443934550117e-01 1.907613675399680853e-01
7.772004153316967034e-01 1.908454179688454377e-01
7.771202546276948508e-01 1.909247660856174811e-01
7.770380031681679567e-01 1.910066805453267680e-01
7.769588404049262431e-01 1.910849558686165683e-01
7.769258800606378967e-01 1.911703458656094645e-01
7.769100350933952903e-01 1.912558741255638850e-01
7.767311150059179603e-01 1.913203484776318519e-01
7.764593634757737117e-01 1.913744228790530688e-01
7.764073819327593773e-01 1.914530697719789842e-01
7.765091391998706349e-01 1.915574925260089267e-01
7.764333213739806894e-01 1.916321642348057519e-01
7.762109151084548575e-01 1.916897311981552721e-01
7.760817997388381739e-01 1.917572148089565498e-01
7.760393720089979741e-01 1.918336304856057828e-01
7.759962762893924948e-01 1.919107880538316047e-01
7.759574610944758311e-01 1.919912301508877595e-01
7.758707112532370331e-01 1.920615685168582110e-01
7.757044599474172131e-01 1.921203873300597331e-01
7.755785189818056313e-01 1.921845141225450859e-01
7.755109909059678674e-01 1.922527034520379874e-01
7.754040327428983748e-01 1.923231708056338807e-01
7.752855006134811156e-01 1.923874433813655138e-01
7.751878441803382591e-01 1.924504603629634547e-01
7.751106069839900359e-01 1.925156939156269786e-01
7.750750308185547777e-01 1.925844354318640150e-01
7.751021346614523910e-01 1.926609499116035962e-01
7.750676594676776388e-01 1.927367331931935102e-01
7.749795418481235654e-01 1.927975377984889327e-01
7.748588830951180784e-01 1.928557990257014354e-01
7.746870692330569685e-01 1.929043737327082730e-01
7.745759312603140989e-01 1.929604554880968714e-01
7.746131491180979767e-01 1.930338307379660667e-01
7.745593550629498170e-01 1.930953164969305136e-01
7.742944373432958383e-01 1.931314301551499413e-01
7.741172761971697458e-01 1.931781283663213666e-01
7.741906831782888743e-01 1.932582580690265506e-01
7.742539039099535225e-01 1.933304182755566925e-01
7.741699397964394436e-01 1.933868549737834397e-01
7.740569752188134478e-01 1.934366277108962029e-01
7.739067792226165254e-01 1.934808567338659191e-01
7.738008544966270552e-01 1.935311664359545547e-01
7.738126041677952927e-01 1.935942952757018776e-01
7.738627812500745717e-01 1.936616956751853469e-01
7.739330390791299141e-01 1.937286307698149745e-01
7.739372058785799480e-01 1.937892050749745743e-01
7.737292581770630617e-01 1.938232005378362488e-01
7.735101435490842059e-01 1.938558799396564447e-01
7.734721550354207720e-01 1.939078917429630788e-01
7.734958154331249558e-01 1.939689300880649281e-01
7.734977180289238641e-01 1.940235763006429026e-01
7.734766381892522746e-01 1.940761733046131587e-01
7.733552725632650837e-01 1.941162982456455521e-01
7.732388564292765887e-01 1.941507278229169242e-01
7.732429298178047361e-01 1.942030403143877038e-01
7.732556135033511469e-01 1.942568259782807005e-01
7.731054766843478143e-01 1.942901434545050154e-01
7.729034915218656598e-01 1.943177120184285400e-01
7.728307770643725316e-01 1.943588746440246540e-01
7.728233563048598764e-01 1.944074943650105358e-01
7.727987627370938029e-01 1.944531483124502802e-01
7.727512226707629051e-01 1.944967376579503915e-01
7.726200217845466955e-01 1.945285646514413047e-01
7.724605680960983101e-01 1.945557131994259947e-01
7.724228701349642456e-01 1.945967269277311396e-01
7.724570551078121516e-01 1.946458374928047852e-01
7.724357569057612727e-01 1.946879626625050430e-01
7.723946392929724736e-01 1.947270618278112986e-01
7.723673949655791571e-01 1.947675659918786939e-01
7.723555231993904924e-01 1.948072934624411889e-01
7.723300911579172867e-01 1.948455677743786141e-01
7.722981572864228150e-01 1.948828184144525133e-01
7.721975836048622366e-01 1.949109356369620738e-01
7.720413241337107380e-01 1.949320899579122524e-01
7.719559828811014546e-01 1.949598957927268228e-01
7.719168688892278363e-01 1.949942063036355644e-01
7.719040937984676942e-01 1.950295788333259173e-01
7.719047740142772618e-01 1.950665484671445238e-01
7.718778309480407440e-01 1.950984245775403136e-01
7.718185282905644096e-01 1.951277074441576942e-01
7.717276984162458886e-01 1.951504871353998971e-01
7.716100612728512553e-01 1.951703181973630241e-01
7.715507719955347898e-01 1.951966638582906810e-01
7.715887742715517028e-01 1.952335998119309191e-01
7.716359904005807291e-01 1.952765500933290321e-01
7.717266463262969500e-01 1.953183662579403568e-01
7.717643618717459075e-01 1.953526624405225731e-01
7.717171654372387835e-01 1.953766864863162311e-01
7.716166721194522848e-01 1.953938750463676544e-01
7.714250350472124929e-01 1.953997770694394787e-01
7.712880285799426083e-01 1.954108170259027388e-01
7.712500766454405410e-01 1.954329506374144487e-01
7.712467028495560983e-01 1.954579772586195474e-01
7.712655048180518946e-01 1.954856444411343930e-01
7.712831448105665899e-01 1.955121396070995388e-01
7.712884995959539136e-01 1.955357984240341795e-01
7.712780212500337518e-01 1.955578043290175649e-01
7.712458411540351610e-01 1.955764232491333521e-01
7.712051366296321930e-01 1.955932512789334277e-01
7.711799543094166598e-01 1.956124013171742226e-01
7.711191766845504336e-01 1.956240606425347917e-01
7.709570009596484752e-01 1.956248846206053438e-01
7.708107830343542410e-01 1.956270089498576836e-01
7.707422246537622978e-01 1.956367008706564881e-01
7.707447880761025827e-01 1.956551446572589725e-01
7.708565212232419972e-01 1.956843372504080414e-01
7.709750541468124441e-01 1.957142980098443563e-01
7.710024985399335229e-01 1.957326705112680254e-01
7.709674715594658778e-01 1.957434533771472418e-01
7.708862432130433318e-01 1.957478260924415681e-01
7.707923603843950255e-01 1.957497645071879511e-01
7.707053202107839729e-01 1.957524188398313270e-01
7.706502837638088410e-01 1.957580400213423388e-01
7.706567033110470755e-01 1.957696674489560751e-01
7.706753364612368706e-01 1.957897408117866556e-01
7.706759866598110742e-01 1.957995865145124026e-01
7.706618166404511916e-01 1.958063659581366078e-01
7.706005241534025219e-01 1.958080870509888993e-01
7.705114258093354040e-01 1.958046719714047201e-01
7.704299978469461019e-01 1.958013173941488272e-01
7.703549517649088685e-01 1.957988591603195272e-01
7.703812783718323454e-01 1.958078218581567054e-01
7.704547661294216532e-01 1.958218496066160552e-01
7.705221371822759124e-01 1.958344787538779386e-01
7.705759665752780485e-01 1.958432205301267603e-01
7.705729229903287569e-01 1.958461328478947883e-01
7.705257967179069967e-01 1.958430370440096546e-01
7.704173735739271445e-01 1.958310974567197271e-01
7.702706957522137410e-01 1.958149507500865916e-01
7.702184900015295321e-01 1.958093635463199755e-01
7.702440453330041681e-01 1.958108689151830673e-01
7.702596873135016953e-01 1.958124231947000193e-01
7.702804429376907125e-01 1.958190249835284891e-01
7.703136378925586891e-01 1.958203757560308955e-01
7.703415643490330034e-01 1.958193597669892483e-01
7.703619256048934716e-01 1.958185323043842574e-01
7.703660405627531516e-01 1.958134725924154662e-01
7.703512665425819028e-01 1.958132428178871454e-01
7.703342779182422717e-01 1.958041887829339023e-01
7.702857446082101989e-01 1.957920493500146242e-01
7.702242535572213500e-01 1.957775117946362053e-01
7.701251925814772692e-01 1.957638373245996766e-01
7.700111495013366447e-01 1.957418034344070579e-01
7.699713486293957576e-01 1.957280072382711067e-01
7.700293016363231047e-01 1.957238064867096450e-01
7.700729268048994713e-01 1.957245927759094228e-01
7.701361917986396799e-01 1.957203740540723325e-01
7.701713567041804653e-01 1.957113510500657072e-01
7.701850366490121669e-01 1.957070050750864820e-01
7.701510716295830727e-01 1.956896285754213261e-01
7.700481033588978397e-01 1.956634238242985768e-01
7.699710251998997945e-01 1.956445600747360458e-01
7.700010024675260079e-01 1.956331909638886757e-01
7.700619865727613700e-01 1.956231258681463137e-01
7.701692637403840802e-01 1.956193881335775708e-01
7.701876623536909605e-01 1.956096775452706715e-01
7.700887578391188981e-01 1.955794300160320631e-01
7.700119605709258019e-01 1.955518206167242978e-01
7.700058024846463400e-01 1.955312999819920072e-01
7.700101849410013743e-01 1.955180329098910319e-01
7.700436047424232822e-01 1.955002991961544423e-01
7.700547415937666340e-01 1.954795479759021959e-01
7.699677960291736456e-01 1.954472031122664599e-01
7.698943608753984202e-01 1.954160193586001459e-01
7.698978915748413421e-01 1.953928057618962155e-01
7.699060334292482377e-01 1.953755436106672794e-01
7.699517300678381249e-01 1.953550016720159987e-01
7.699898750669966763e-01 1.953346444652211134e-01
7.699966933477223607e-01 1.953082211349592145e-01
7.699848588341909883e-01 1.952857750279992921e-01
7.699534103423866238e-01 1.952545214375779881e-01
7.699247704257612401e-01 1.952232695111832950e-01
7.699023151792638853e-01 1.951906471622693873e-01
7.699066737184528941e-01 1.951612744030352953e-01
7.699630928889128478e-01 1.951372931775393060e-01
7.700344161741289328e-01 1.951156941822654312e-01
7.700654335404751860e-01 1.950925571896753030e-01
7.701014380420017069e-01 1.950638660288087911e-01
7.701215893273866131e-01 1.950332222278540750e-01
7.701201096519132427e-01 1.949995026828567901e-01
7.700934093731487406e-01 1.949632434966100392e-01
7.700565826010099535e-01 1.949220967277708882e-01
7.700310682722826261e-01 1.948845748333624395e-01
7.700154855835603662e-01 1.948470360140503455e-01
7.700016215988144674e-01 1.948079573756869853e-01
7.699849780168240843e-01 1.947689088745084562e-01
7.699722520153234884e-01 1.947282617537967886e-01
7.699496221868628032e-01 1.946876631273809777e-01
7.699756372702679652e-01 1.946507600101634594e-01
7.700330495133848041e-01 1.946175132558882193e-01
7.701084884908451222e-01 1.945838407786081858e-01
7.701822483180313927e-01 1.945513888419183046e-01
7.702454979158989135e-01 1.945116810564727905e-01
7.702592252687431307e-01 1.944693233445696501e-01
7.702656506903461375e-01 1.944268839085448175e-01
7.702572379792924639e-01 1.943816913663796997e-01
7.702410270844465279e-01 1.943341738879653946e-01
7.702159287837059276e-01 1.942879692215247478e-01
7.702552049800932554e-01 1.942448704703925721e-01
7.703573219797421601e-01 1.942089934568150822e-01
7.703972948091050155e-01 1.941675649626155853e-01
7.703773734867114253e-01 1.941160690307975889e-01
7.702996876530402437e-01 1.940596274406320154e-01
7.701563790472715221e-01 1.939940220620971489e-01
7.700421942495887517e-01 1.939314470605177643e-01
7.699635327883664893e-01 1.938678801279759001e-01
7.699147697296969683e-01 1.938100628693200378e-01
7.698966204978509031e-01 1.937563762698192582e-01
7.699167767454043743e-01 1.937069045100500431e-01
7.699914822719017282e-01 1.936628300887911769e-01
7.700539324055484247e-01 1.936159071961900402e-01
7.700623911432268320e-01 1.935606340566700945e-01
7.700694982597543481e-01 1.935065002112838217e-01
7.700701558321743079e-01 1.934513119298602868e-01
7.700940175569082058e-01 1.933978860518763832e-01
7.701637024588326996e-01 1.933509552572161283e-01
7.701955583007452644e-01 1.932969306825139399e-01
7.701517099068394545e-01 1.932335384082435326e-01
7.700765517644486691e-01 1.931664480951114093e-01
7.699597727107082568e-01 1.930877406981175992e-01
7.699404111919682103e-01 1.930270847345593455e-01
7.701556757044879520e-01 1.929894380290525790e-01
7.703644031650371815e-01 1.929508877591436244e-01
7.704611421616782696e-01 1.929016391397629093e-01
7.704469971891921842e-01 1.928356194607855900e-01
7.702093265465203009e-01 1.927480194840484329e-01
7.700108874102519207e-01 1.926556607925478948e-01
7.699932334511985221e-01 1.925905099327633874e-01
7.700457714395411157e-01 1.925326704641003306e-01
7.701514117155421335e-01 1.924767314873785107e-01
7.702686952774556728e-01 1.924240376474505299e-01
7.703794022215127990e-01 1.923704346170445889e-01
7.704662865485971679e-01 1.923130913362630923e-01
7.704945191937428994e-01 1.922470259953894256e-01
7.704858673001436786e-01 1.921718777842182369e-01
7.704115884638293998e-01 1.920955055634053776e-01
7.703615831421877225e-01 1.920197040380739739e-01
7.705147987362180872e-01 1.919658103723839160e-01
7.707468948397536712e-01 1.919207306145672143e-01
7.709169818896592918e-01 1.918675248149029899e-01
7.710334508637769479e-01 1.918078627134331138e-01
7.709271056380436749e-01 1.917254639645444847e-01
7.707402547225287170e-01 1.916310939500989463e-01
7.706623883483841864e-01 1.915478240525878006e-01
7.706546406910095293e-01 1.914720151475364784e-01
7.706926000368352625e-01 1.914028827233506258e-01
7.707687592648567732e-01 1.913386656776658312e-01
7.708195598400208182e-01 1.912667106580240861e-01
7.708522916186603124e-01 1.911952104034560229e-01
7.708795560608642239e-01 1.911191655589105642e-01
7.708801847225525972e-01 1.910420411628142578e-01
7.708517725356266448e-01 1.909613968768351933e-01
7.708040584815696317e-01 1.908750832784902041e-01
7.708373006161785002e-01 1.908003604843811762e-01
7.709371935039552870e-01 1.907314624232434308e-01
7.710852716748227698e-01 1.906645750543537465e-01
7.712441262353734173e-01 1.906047714984339392e-01
7.712572830436941196e-01 1.905249138893472804e-01
7.711312658119657826e-01 1.904288518709284783e-01
7.710353529413814799e-01 1.903351860407216378e-01
7.709648236025883339e-01 1.902436453949058193e-01
7.710276181025635944e-01 1.901665586208135528e-01
7.712373366361224836e-01 1.901082282933889700e-01
7.713972579500578686e-01 1.900390360560683667e-01
7.715031962315976877e-01 1.899637144829591784e-01
7.715529418407435225e-01 1.898819479502691920e-01
7.715403981674248124e-01 1.897922018732181026e-01
7.714921218157878569e-01 1.897037903482295673e-01
7.714192702922184619e-01 1.896066740397113204e-01
7.713415989254972516e-01 1.895117528638048665e-01
7.712571947745455736e-01 1.894166893511560201e-01
7.712474051099156291e-01 1.893239589983298499e-01
7.712983475502229735e-01 1.892405497616475030e-01
7.713814941118173341e-01 1.891605706338136128e-01
7.714973856415416886e-01 1.890822115266493630e-01
7.716549721681619234e-01 1.890048833655209037e-01
7.718404886657092012e-01 1.889377504128098295e-01
7.719839760678514073e-01 1.888568911957561602e-01
7.720123538419633169e-01 1.887712969825046661e-01
7.720045892050493297e-01 1.886760494916265574e-01
7.719364192031964444e-01 1.885711274495543155e-01
7.718645921275572030e-01 1.884727935872110016e-01
7.718264886823007487e-01 1.883726891977964557e-01
7.718001501724269797e-01 1.882790783188115213e-01
7.718044939599458809e-01 1.881814598036267161e-01
7.718413863824354904e-01 1.880840191111996240e-01
7.719377520358003952e-01 1.880002980553459602e-01
7.720365488103797524e-01 1.879109133605718629e-01
7.720460811501184129e-01 1.878160991909711142e-01
7.719978127738206242e-01 1.877108461590903943e-01
7.718441597117214892e-01 1.875929987125430076e-01
7.716944368345270977e-01 1.874844641143943447e-01
7.717096011236748154e-01 1.873832454461900054e-01
7.717962715602671997e-01 1.872880569651519667e-01
7.719363642884741195e-01 1.872027565271104921e-01
7.720805044702568898e-01 1.871128077269617607e-01
7.720780578021791962e-01 1.870114941430643385e-01
7.720101028035502022e-01 1.868977987530077434e-01
7.719390471930798192e-01 1.867878553838607236e-01
7.718905970470453237e-01 1.866797366550900783e-01
7.719649944958280052e-01 1.865790238619514096e-01
7.720777105496806625e-01 1.864849505812819497e-01
7.721619906959668045e-01 1.863843870705257366e-01
7.722174728429344048e-01 1.862880158138918996e-01
7.722145782138272185e-01 1.861766618523621741e-01
7.721881060308600775e-01 1.860662054012961475e-01
7.722077931430278985e-01 1.859597092800578944e-01
7.722549379759077182e-01 1.858506980401618824e-01
7.723390550759043904e-01 1.857499669174675072e-01
7.724300226004028325e-01 1.856529043494821729e-01
7.723948213006668340e-01 1.855384212981561476e-01
7.722779478618764237e-01 1.854101872269169338e-01
7.721255688195998168e-01 1.852823345604720229e-01
7.719505956407145542e-01 1.851520954051137924e-01
7.718955992265593702e-01 1.850319800913549639e-01
7.719514982416635362e-01 1.849239952111347562e-01
7.720156806165667795e-01 1.848150163164175297e-01
7.721053753435223044e-01 1.847080678923163632e-01
7.721629900826264548e-01 1.845982229021394250e-01
7.721868682089565450e-01 1.844874319098136206e-01
7.722308764384950841e-01 1.843733224463886267e-01
7.722635003130862152e-01 1.842632117854796636e-01
7.723146361877029076e-01 1.841495178104696206e-01
7.723566446245253569e-01 1.840379912072487023e-01
7.723956949309505049e-01 1.839211541482861922e-01
7.724095943971975853e-01 1.838100414451527831e-01
7.724177466288193461e-01 1.836889057249393997e-01
7.724146684395688522e-01 1.835664695907561483e-01
7.723847708150212155e-01 1.834487912481637950e-01
7.723608142601057214e-01 1.833218685233312661e-01
7.723156196957623454e-01 1.832019149011451797e-01
7.722693320201865497e-01 1.830722603706265716e-01
7.722142439960794080e-01 1.829494721122127687e-01
7.721576422915552573e-01 1.828225660713046208e-01
7.721008959124613380e-01 1.826938282461849083e-01
7.720525674161549112e-01 1.825660162974662715e-01
7.719996366207293459e-01 1.824408671383615788e-01
7.719728396478984234e-01 1.823088563792214511e-01
7.719484452181823997e-01 1.821851391778384066e-01
7.719380523625539725e-01 1.820624757056268084e-01
7.719212026626866008e-01 1.819387323614566343e-01
7.719309583606506209e-01 1.818126541266258389e-01
7.719358913589305926e-01 1.816844363478154756e-01
7.719505484130411155e-01 1.815615818651130642e-01
7.720001717410923670e-01 1.814412673664160536e-01
7.721145837439518100e-01 1.813262505891598264e-01
7.722226747381305545e-01 1.812100253370677871e-01
7.722967559679277949e-01 1.810901982372533636e-01
7.723284206356112458e-01 1.809700665596287172e-01
7.723008623943666828e-01 1.808388925026550020e-01
7.722233339558465248e-01 1.807024624801978063e-01
7.721300191359702358e-01 1.805674079236322949e-01
7.720218131073067758e-01 1.804264710413115425e-01
7.718707043133146151e-01 1.802857802460607339e-01
7.717241747831705689e-01 1.801405711495315809e-01
7.716308388254606854e-01 1.800028807965181887e-01
7.716077979797227870e-01 1.798666438604925866e-01
7.716546509328801040e-01 1.797466776462761096e-01
7.717442474699260924e-01 1.796205984673714118e-01
7.717787433665679320e-01 1.794977718039456605e-01
7.718053005197744731e-01 1.793645071848441463e-01
7.717750340985177759e-01 1.792335627148596011e-01
7.717387264083881426e-01 1.790927948064817421e-01
7.716774263333251449e-01 1.789577224705046210e-01
7.716117618995094185e-01 1.788188676085845918e-01
7.715240257306266169e-01 1.786750081908051735e-01
7.714162812959053372e-01 1.785336030218147019e-01
7.712790637446925723e-01 1.783859698204294242e-01
7.710970861328276804e-01 1.782309889391147928e-01
7.708949165556725491e-01 1.780755665112424835e-01
7.706610984146582410e-01 1.779199330763896192e-01
7.704573067920491569e-01 1.777669468159569222e-01
7.702818569945661942e-01 1.776123244046310667e-01
7.701206225334806810e-01 1.774616930460333752e-01
7.699807574097304874e-01 1.773071122813129619e-01
7.698707027227553734e-01 1.771571125185792128e-01
