2.445789926153474521e-03 8.645523270199881871e-01
2.642832005741113221e-03 8.640388717518182604e-01
2.852579265439259600e-03 8.635205691207848977e-01
3.069726160313180751e-03 8.629976014787357208e-01
3.286240406676829966e-03 8.624695840594838181e-01
3.492139684511734628e-03 8.619367685625263231e-01
3.677977285498255054e-03 8.613990580539476749e-01
3.833691036794984342e-03 8.608567261661098646e-01
3.943973274190933770e-03 8.603088933646783065e-01
3.993089489211630420e-03 8.597560803604771262e-01
3.959592953791835068e-03 8.591972900221159781e-01
3.835309121260335827e-03 8.586328614029212769e-01
3.642247912816356722e-03 8.580625382579305516e-01
3.446154108636335488e-03 8.574875580610130665e-01
3.333407568781743095e-03 8.569076003075387638e-01
3.362779901802899485e-03 8.563234631397158569e-01
3.528619050047173637e-03 8.557346197889995620e-01
3.778633224620212179e-03 8.551403274607580762e-01
4.046650091239560772e-03 8.545407247893108682e-01
4.313413066899043913e-03 8.539335729197451430e-01
4.611655245929738474e-03 8.533188124770767491e-01
4.973887347234930666e-03 8.527004871468901737e-01
5.386047720823395474e-03 8.520772791713501215e-01
5.843492347031928845e-03 8.514482699996919202e-01
6.316145870292218939e-03 8.508109414226885381e-01
6.747112921925465211e-03 8.501684508446080146e-01
7.139947721435614160e-03 8.495247600263327037e-01
7.495706741435344093e-03 8.488741186266636207e-01
7.935531975592029913e-03 8.482201009133072400e-01
8.344625584483716246e-03 8.475610282888754732e-01
8.738375259172632623e-03 8.468992293405491756e-01
9.116022624371765762e-03 8.462317244485347834e-01
9.470768436330323503e-03 8.455550734610181030e-01
9.808315179544672274e-03 8.448714292285514071e-01
1.013365722322606688e-02 8.441803321264325088e-01
1.044883164239708388e-02 8.434835113947841689e-01
1.075200660095826377e-02 8.427789790530810787e-01
1.104765610622137663e-02 8.420688560087125074e-01
1.133133164957564158e-02 8.413521154070288111e-01
1.161179116533449414e-02 8.406291952548879953e-01
1.188635654189740785e-02 8.398994791485762113e-01
1.215977322087367571e-02 8.391636790583091310e-01
1.243290443805356721e-02 8.384213758359840840e-01
1.270419774795340795e-02 8.376726250110585470e-01
1.297488125017533245e-02 8.369174774538608030e-01
1.324482740423846457e-02 8.361556865565684671e-01
1.351298702373756634e-02 8.353874299786618884e-01
1.377684355449019550e-02 8.346119300172143429e-01
1.402926118993258822e-02 8.338301869371358421e-01
1.426583615348354407e-02 8.330423490270676412e-01
1.448775108755851089e-02 8.322461299379628752e-01
1.468904733561218062e-02 8.314435109673233848e-01
1.485900364505402665e-02 8.306336198056066822e-01
1.499887766080561409e-02 8.298161508400662134e-01
1.510485365525022529e-02 8.289921748483347619e-01
1.517128828337863979e-02 8.281599037276623498e-01
1.520264363547217321e-02 8.273213355957801385e-01
1.519316118835293758e-02 8.264751228697437835e-01
1.514659221376601396e-02 8.256216436923381474e-01
1.506785810671544198e-02 8.247604285365488508e-01
1.496246468697383369e-02 8.238917531128894245e-01
1.482557927841157350e-02 8.230161332652676798e-01
1.466529739385779262e-02 8.221327233954059954e-01
1.447045668930563474e-02 8.212419633093196447e-01
1.424571170382617734e-02 8.203436374291404043e-01
1.398267951807745726e-02 8.194373057211770117e-01
1.368655087722424335e-02 8.185227377400781101e-01
1.337981475740644341e-02 8.175999448297771588e-01
1.308730306365121776e-02 8.166687547578203032e-01
1.286764200885815758e-02 8.157285694903123607e-01
1.284465207681894337e-02 8.147757713829922865e-01
1.334453324657723476e-02 8.138059461998884414e-01
1.498153112010200405e-02 8.128136691364974409e-01
1.876985578585525435e-02 8.118084962434406471e-01
2.629347460070078843e-02 8.108609931513506286e-01
3.563912665401634816e-02 8.099880815290978475e-01
4.538690002526429151e-02 8.091642376903112055e-01
5.192384349316064851e-02 8.082468387794474740e-01
5.508601958728764902e-02 8.072207119439350764e-01
5.682414798894538932e-02 8.061696577560973909e-01
5.822048280205072146e-02 8.051322558762085135e-01
5.949003879009142487e-02 8.040999699189461669e-01
6.056640873400179204e-02 8.030569933249301906e-01
6.150411373615352617e-02 8.020034132547079198e-01
6.248263397554956050e-02 8.009436964721023955e-01
6.340003495486376539e-02 7.998752072189689866e-01
6.430191055577855197e-02 7.987977676052984144e-01
6.518102099345908507e-02 7.977105736047938045e-01
6.608516351725861326e-02 7.966142231639080640e-01
6.697552180233860841e-02 7.955077809176451797e-01
6.786200955106783117e-02 7.943924561504529525e-01
6.875138347414107287e-02 7.932677026291059530e-01
6.965776635810037865e-02 7.921340607448891236e-01
7.055073718148216488e-02 7.909904301383279268e-01
7.144944856757282081e-02 7.898373920026767747e-01
7.237894008366609067e-02 7.886743204469145452e-01
7.331238438131275348e-02 7.875030096768200760e-01
7.426711007909102269e-02 7.863213104686302968e-01
7.526121836753552063e-02 7.851310777227265003e-01
7.626839033129736989e-02 7.839301725027334466e-01
7.730206362828069555e-02 7.827193576640643080e-01
7.834259991905714871e-02 7.814992586270768093e-01
7.938433403515827991e-02 7.802688857349892038e-01
8.042734962917594266e-02 7.790276588470642638e-01
8.147908568301773236e-02 7.777763520540170727e-01
8.254264308836946340e-02 7.765148558020540381e-01
8.363114828307982584e-02 7.752435193214369802e-01
8.473626539114000045e-02 7.739621820240638606e-01
8.585975187048744406e-02 7.726693930159306278e-01
8.698072980126717035e-02 7.713666380315168380e-01
8.809544792519863332e-02 7.700533154833592020e-01
8.920127393448448738e-02 7.687284488751277012e-01
9.028617475150878258e-02 7.673933409430344632e-01
9.135425868984044240e-02 7.660465614040511406e-01
9.241865541586462285e-02 7.646882509635093417e-01
9.347114063114164706e-02 7.633202125125523319e-01
9.451309495544708839e-02 7.619404813248085162e-01
9.554627767790756232e-02 7.605477223403666054e-01
9.658517497304196231e-02 7.591452871144386272e-01
9.762468363847694175e-02 7.577317912360189700e-01
9.865009031531001005e-02 7.563066533403781655e-01
9.968694473921871357e-02 7.548686776402604437e-01
1.007248454959462219e-01 7.534214176623228454e-01
1.017671993917759893e-01 7.519612123210713817e-01
1.028159673217949321e-01 7.504881196613453209e-01
1.038885353591630367e-01 7.490041178278906697e-01
1.049703046282758206e-01 7.475092654823357607e-01
1.060897958801514662e-01 7.460017752401447710e-01
1.072634176956433899e-01 7.444839362494433121e-01
1.085042044288675872e-01 7.429539248910472793e-01
1.098090577202622958e-01 7.414116611932167755e-01
1.111600698498040329e-01 7.398590735723441503e-01
1.125363977880143723e-01 7.382940031061762109e-01
1.139397991849703112e-01 7.367164653504326699e-01
1.153431824184171506e-01 7.351262635702452419e-01
1.167089946480065060e-01 7.335231998688463984e-01
1.180325116595601492e-01 7.319072577342478070e-01
1.193412125650711725e-01 7.302788022367715515e-01
1.206339315874166429e-01 7.286374976807394876e-01
1.219191623216964032e-01 7.269814460514102405e-01
1.232137530057925007e-01 7.253156735026852209e-01
1.245278601316850142e-01 7.236354451731621396e-01
1.258948446016078249e-01 7.219432251659986255e-01
1.273394437612500596e-01 7.202367664723968721e-01
1.288442580628165191e-01 7.185209868627250307e-01
1.303624810696930869e-01 7.167883312327151257e-01
1.318888123745240171e-01 7.150465953285833898e-01
1.334337308251791199e-01 7.132878276219926095e-01
1.349904192870211850e-01 7.115172931720120664e-01
1.365605244908605076e-01 7.097349062533960806e-01
1.381247941029962178e-01 7.079383024467048591e-01
1.396766403257482525e-01 7.061272853108629954e-01
1.412269633101247146e-01 7.043017155608710667e-01
1.427674375843513421e-01 7.024645967714251427e-01
1.442977978668914807e-01 7.006137005252633942e-01
1.458382581535438427e-01 6.987482382960691352e-01
1.473772257487636350e-01 6.968683886264976923e-01
1.489230155016607604e-01 6.949742296483742976e-01
1.504846322574687478e-01 6.930661465503882290e-01
1.520472440605771247e-01 6.911442528048645784e-01
1.536339070957205288e-01 6.892079414210483534e-01
1.552141570460413011e-01 6.872586025464428872e-01
1.568212448127766778e-01 6.852955170559746900e-01
1.584426191094558678e-01 6.833192758881753148e-01
1.600763231382076601e-01 6.813259947269718619e-01
1.617283431654212289e-01 6.793190194493459177e-01
1.633880582478649257e-01 6.772993970702754218e-01
1.650658645707495931e-01 6.752657208189701832e-01
1.667557822870956996e-01 6.732148870191539958e-01
1.684550149595842872e-01 6.711508321724241055e-01
1.701543004865462005e-01 6.690740817080903513e-01
1.718873383567951774e-01 6.669805519584048881e-01
1.736338372303369570e-01 6.648697592762610187e-01
1.753557299749136100e-01 6.627466937542525471e-01
1.771238767299745387e-01 6.606112826245551517e-01
1.789199095146163376e-01 6.584603945671892999e-01
1.806944494416184432e-01 6.562930210623790783e-01
1.825330341039955728e-01 6.541131912895762346e-01
1.843306842681369795e-01 6.519188275390885856e-01
1.861735297223209296e-01 6.497116107466613943e-01
1.880157843291694886e-01 6.474867173380068897e-01
1.898678342272500930e-01 6.452472496165315707e-01
1.917197979292113441e-01 6.429914631587940743e-01
1.936450315541653755e-01 6.407183447418278721e-01
1.955246718596456990e-01 6.384351549984355056e-01
1.974526918566396616e-01 6.361382029822063577e-01
1.993469977857001141e-01 6.338259170710220936e-01
2.013307212792623813e-01 6.314952171845438222e-01
2.032823672457213793e-01 6.291521076002255519e-01
2.052989601815901899e-01 6.267935777648719897e-01
2.072932537790048158e-01 6.244214911487131481e-01
2.092798445743430380e-01 6.220339558834436788e-01
2.113280220436794254e-01 6.196319263240109843e-01
2.133655227219681816e-01 6.172157955518264849e-01
2.154361235024312982e-01 6.147850346370410390e-01
2.175058130889993835e-01 6.123360262004434729e-01
2.195970850696524201e-01 6.098752279357182449e-01
2.216944463435368273e-01 6.074011304002391309e-01
2.238149062371492526e-01 6.049083394770148336e-01
2.259552515218806179e-01 6.024013796897775830e-01
2.280870299056988182e-01 5.998812571736887866e-01
2.302682048809506776e-01 5.973402069895462629e-01
2.324236672467060172e-01 5.947939176400963701e-01
2.346297680081726178e-01 5.922267908365137501e-01
2.368319408837930851e-01 5.896437720147192918e-01
2.390511758491148109e-01 5.870511385215987366e-01
2.412845148994328115e-01 5.844404379499199553e-01
2.435333327702847994e-01 5.818122558723287652e-01
2.457804684270654128e-01 5.791725547314868772e-01
2.480696929329533063e-01 5.765198693800275276e-01
2.503484068556627862e-01 5.738501975434361357e-01
2.526635778880951810e-01 5.711711047998702107e-01
2.549969507525585710e-01 5.684744214896045866e-01
2.573195607549897401e-01 5.657654547367808595e-01
2.596677639334696308e-01 5.630414643096097738e-01
2.620651447691756952e-01 5.603030033305188562e-01
2.644467546531060753e-01 5.575490394748902068e-01
2.668440143345731652e-01 5.547849222210836651e-01
2.692417400830883767e-01 5.520055678472697291e-01
2.716913884032775006e-01 5.492064757991720336e-01
2.741381009461091312e-01 5.464007146596631115e-01
2.766047771171739056e-01 5.435787656037711635e-01
2.790859101136960452e-01 5.407419789984333480e-01
2.815675372447086211e-01 5.378941787142227371e-01
2.840706670023726566e-01 5.350335261968929279e-01
2.865911413042515066e-01 5.321588277566987601e-01
2.891209267213093459e-01 5.292694187001607542e-01
2.916544751493205245e-01 5.263761023572853803e-01
2.941926957649270702e-01 5.234662716049515163e-01
2.967817154340912089e-01 5.205371723268720219e-01
2.993760302181716071e-01 5.175988639863118301e-01
3.019719009652719888e-01 5.146443643658972222e-01
3.045943424081659634e-01 5.116858402238229075e-01
3.072279219105023551e-01 5.087045048584536433e-01
3.098848147784648011e-01 5.057205939287220398e-01
3.125299775239832600e-01 5.027254528179816440e-01
3.152235222592246755e-01 4.997173952382367723e-01
3.178699303452229286e-01 4.967006083679493256e-01
3.205800381384194542e-01 4.936652551548392776e-01
3.232910214247877168e-01 4.906192099953636809e-01
3.259945122773156290e-01 4.875644670330128716e-01
3.287359248568543779e-01 4.844968104061454506e-01
3.314653644097867446e-01 4.814200348584150024e-01
3.342086726918964135e-01 4.783332299691163136e-01
3.370100916764362520e-01 4.752389608841974811e-01
3.397973543709011390e-01 4.721366956688477501e-01
3.425743020116213677e-01 4.690145151475688112e-01
3.453868583944196269e-01 4.658946307073693061e-01
3.482138721040832219e-01 4.627610375586277969e-01
3.510448288334158673e-01 4.596173908858094403e-01
3.538833225539372851e-01 4.564689311033151564e-01
3.567629293917499722e-01 4.533042884813521245e-01
3.596225061124219136e-01 4.501339923327835058e-01
3.625075735449721503e-01 4.469563102951795153e-01
3.653723343267017420e-01 4.437738600236844633e-01
3.682697262322209841e-01 4.405762405390553083e-01
3.711486614736131950e-01 4.373823119262493231e-01
3.740935419454163302e-01 4.341724017092708499e-01
3.770158148025500866e-01 4.309643450789980568e-01
3.799778370400780370e-01 4.277375934179216133e-01
3.829148489144589274e-01 4.245161985078690359e-01
3.858808454022519263e-01 4.212828168273606844e-01
3.888214077993834006e-01 4.180465867935420077e-01
3.917928034273600590e-01 4.147990972872433457e-01
3.947838836860578793e-01 4.115483767021040351e-01
3.977778769593828256e-01 4.082956695525177815e-01
4.007688058055394187e-01 4.050356522139981208e-01
4.037654824882199733e-01 4.017734759275994327e-01
4.067858553825497991e-01 3.985141016176133588e-01
4.098022375314593346e-01 3.952404400807952856e-01
4.128507739242163188e-01 3.919708788193554949e-01
4.158764267952695937e-01 3.887042593993587647e-01
4.188940128229072246e-01 3.854342017604105441e-01
4.219339033420938523e-01 3.821467457220174557e-01
4.249732312698601966e-01 3.788773513970866702e-01
4.280038418065525985e-01 3.755942240811234178e-01
4.310419700463617998e-01 3.723158706751157898e-01
4.340744735854430436e-01 3.690244953231447411e-01
4.371322550940590634e-01 3.657338826542022581e-01
4.402110110482736482e-01 3.624477761966872769e-01
4.432644659629395578e-01 3.591513651632314841e-01
4.462825452391346870e-01 3.558642957467190171e-01
4.493546314082751958e-01 3.525660146388919225e-01
4.523811472661175559e-01 3.492810409875444222e-01
4.554168894612752871e-01 3.459840036183511325e-01
4.584292056736219423e-01 3.427000990720255880e-01
4.614316452077334429e-01 3.394185765938777521e-01
4.644080952568191978e-01 3.361372639871288981e-01
4.673268228295023308e-01 3.328519520588639202e-01
4.702465837886524169e-01 3.295813232138907201e-01
4.731493653696599022e-01 3.263074427636165620e-01
4.759963462794400968e-01 3.230346380863223787e-01
4.788785664705442202e-01 3.197686200420110647e-01
4.817993964497313542e-01 3.165190130568423243e-01
4.847444543946656248e-01 3.132697649562443121e-01
4.878229316648882152e-01 3.100275763323343536e-01
4.910108367886915071e-01 3.067973096233611030e-01
4.944662247201023764e-01 3.035620767433032663e-01
4.979450080945181933e-01 3.003436974841181550e-01
5.014424993217990734e-01 2.971355377433274048e-01
5.050256901658932707e-01 2.939306964129526079e-01
5.086288631841150432e-01 2.907387208540863077e-01
5.121131729173825642e-01 2.875510949015320783e-01
5.154276488336388962e-01 2.843883988432430177e-01
5.187277369686569273e-01 2.812099761469296078e-01
5.220238284476026447e-01 2.780567244496380819e-01
5.252508042417650680e-01 2.748983510160778465e-01
5.282510452744146878e-01 2.717706343930588742e-01
5.313458605244208988e-01 2.686463390332042844e-01
5.344722792143724588e-01 2.655186594731320793e-01
5.375310489873149633e-01 2.624142126063482849e-01
5.407327463857078964e-01 2.593173377753732467e-01
5.438786818087411046e-01 2.562340686867876083e-01
5.470500238185921349e-01 2.531602701050965631e-01
5.501611126423578968e-01 2.501100406520925801e-01
5.531940468311773440e-01 2.470654575785244667e-01
5.562598246883097008e-01 2.440403856388089765e-01
5.593064621800910574e-01 2.410203390201747509e-01
5.623744694903388686e-01 2.380097933897276363e-01
5.654173762848651030e-01 2.350245748791141287e-01
5.684728557137280758e-01 2.320514120305287309e-01
5.715286178277014795e-01 2.290725457774309415e-01
5.745793058031385403e-01 2.261255450266123623e-01
5.775840255328034134e-01 2.232067794187195253e-01
5.805881608879209788e-01 2.202899943482530543e-01
5.836006685571503150e-01 2.173981172954730645e-01
5.865610122199589327e-01 2.145268864478076243e-01
5.895763035909576955e-01 2.116572960356130073e-01
5.925719718722185503e-01 2.088238642681489732e-01
5.955036062694953891e-01 2.060026024585978055e-01
5.984378502818190615e-01 2.032061800317540301e-01
6.013696783995219342e-01 2.004167767395936550e-01
6.043237742418121616e-01 1.976540725409528521e-01
6.072126386910320361e-01 1.948958780386239320e-01
6.101252713353738644e-01 1.921807314001851286e-01
6.130494373329932190e-01 1.894660808199308266e-01
6.159984182080987525e-01 1.867684562767163159e-01
6.188252440876773619e-01 1.841075116019811053e-01
6.215951767722398547e-01 1.814583077330269301e-01
6.243891903005507338e-01 1.788446868494386055e-01
6.272491661301040633e-01 1.762320030357012735e-01
6.300347381451941731e-01 1.736527730007937920e-01
6.327936154374685929e-01 1.710861657402948932e-01
6.355490230964609966e-01 1.685504875852915363e-01
6.383177225288729773e-01 1.660362669476057318e-01
6.410508428450961693e-01 1.635353022537211209e-01
6.437392756185741360e-01 1.610661182397879754e-01
6.464331651048260685e-01 1.586039083901547853e-01
6.491004134017988036e-01 1.561909941871071072e-01
6.517511211720203868e-01 1.537833020301248854e-01
6.544096664207948999e-01 1.513998078584371521e-01
6.570238231862124412e-01 1.490491893231328802e-01
6.596108723254788808e-01 1.467145867503525103e-01
6.621913402368074797e-01 1.444052879354299490e-01
6.647442487778605358e-01 1.421279807028606179e-01
6.673310075374268013e-01 1.398663729021221158e-01
6.699610081357993963e-01 1.376266676722060489e-01
6.725258505555441468e-01 1.354144884436196405e-01
6.750002237319592258e-01 1.332405134786700807e-01
6.774669769195590385e-01 1.310809859966703683e-01
6.799371161449114798e-01 1.289481681341557995e-01
6.823938594352705334e-01 1.268402361408326184e-01
6.848363083050383882e-01 1.247589386694105823e-01
6.872643146670767145e-01 1.227044138935596551e-01
6.897065053877013963e-01 1.206669489045937432e-01
6.920926945261234309e-01 1.186657036770370072e-01
6.944178701896548400e-01 1.166819435938544480e-01
6.967101777857870326e-01 1.147201046766177790e-01
6.990207544258533190e-01 1.127898747492639825e-01
7.013085274598765961e-01 1.108801663248790842e-01
7.035667901055548956e-01 1.090060186118992636e-01
7.058367807143193229e-01 1.071414585318082313e-01
7.081134246105010854e-01 1.053191300693158694e-01
7.103745289084530956e-01 1.035095819597033617e-01
7.125843051777609460e-01 1.017346790728280992e-01
7.147299729556374492e-01 9.999752935006210597e-02
7.168402887554103931e-01 9.827483977228185230e-02
7.189255788044195405e-01 9.658355865447938726e-02
7.210436112893447991e-01 9.492104762434297460e-02
7.231547959513094925e-01 9.326849550449296811e-02
7.252040084907145356e-01 9.164565209569966453e-02
7.272289947837565771e-01 9.005883411684710571e-02
7.292352532823911382e-01 8.849161156211181323e-02
7.312216900823886867e-01 8.696045677738563351e-02
7.331675569723059560e-01 8.544005785237186734e-02
7.350827485907369674e-01 8.395701391014777359e-02
7.369978513539447995e-01 8.250089496098134134e-02
7.389063171049730094e-01 8.107124003462395923e-02
7.408304687916891229e-01 7.966227919348921327e-02
7.427219207046298344e-01 7.828723746088903090e-02
7.445741979861408844e-01 7.693341981656581785e-02
7.463850405153299450e-01 7.560762685088795454e-02
7.481563288413725088e-01 7.429534683160596287e-02
7.498790394966206030e-01 7.301524253950518462e-02
7.515548556990483409e-01 7.175588123438698951e-02
7.532039120390328080e-01 7.053077025710685621e-02
7.549685583518437326e-01 6.932721977069525310e-02
7.567676508204541630e-01 6.815460524958415200e-02
7.584374338558398376e-01 6.700309543105417709e-02
7.600142284023695405e-01 6.587902627305736170e-02
7.616288229682670607e-01 6.478263538116418863e-02
7.632336507143704374e-01 6.370981795679807325e-02
7.647818834532692511e-01 6.265672286718135253e-02
7.662621808411321789e-01 6.163181062999204679e-02
7.678467124870431704e-01 6.062439928140235523e-02
7.694940626326697286e-01 5.964462621417825766e-02
7.709797713575130551e-01 5.868821194226923887e-02
7.723163809888542453e-01 5.775895321816281597e-02
7.737126561362044352e-01 5.684780118405695359e-02
7.751450491679883203e-01 5.596856816720251898e-02
7.765520479906475870e-01 5.510840973854197467e-02
7.779453574852182030e-01 5.427326730548318046e-02
7.792907851778546613e-01 5.346671984099106434e-02
7.806349638613898634e-01 5.266800996863588852e-02
7.819440300738307315e-01 5.190474788705289055e-02
7.832419515412449851e-01 5.116111092243828123e-02
7.845272849958319084e-01 5.043324938239104882e-02
7.858214332160025073e-01 4.973253395664818666e-02
7.870936631757298185e-01 4.904691247248032376e-02
7.883449316254340644e-01 4.839003652187644222e-02
7.895562495459037544e-01 4.775566998155013343e-02
7.907363635119657452e-01 4.714039639374919405e-02
7.918686109096244596e-01 4.654498554910083824e-02
7.929359281050569752e-01 4.596892260946588288e-02
7.940225598005196117e-01 4.541396196326856483e-02
7.951312617312626951e-01 4.487989440730828783e-02
7.962628002778605607e-01 4.435932310939616485e-02
7.974444798792605926e-01 4.386013128522640858e-02
7.985359636279474316e-01 4.338632631947247908e-02
7.994443454308082231e-01 4.292126431414998444e-02
8.003453371421059837e-01 4.247552547511178334e-02
8.013375472019023116e-01 4.204886795614054540e-02
8.023257783333965776e-01 4.164526186217746423e-02
8.033163477316199730e-01 4.126237752115327617e-02
8.042715273455818270e-01 4.089321812481985091e-02
8.051834178040712109e-01 4.053615293335233877e-02
8.060887950017775472e-01 4.020486410188603421e-02
8.069667465909069470e-01 3.988247507061108699e-02
8.078362592831047628e-01 3.958229814842528782e-02
8.086965911119743389e-01 3.930022538283207967e-02
8.095527407781430984e-01 3.903448386873326070e-02
8.103804051412866194e-01 3.877873299908255605e-02
8.111737396892991780e-01 3.853994753421630809e-02
8.119367779994042245e-01 3.832129296891048642e-02
8.126936135286171314e-01 3.811809734468210586e-02
8.134712964105099697e-01 3.792703010465927477e-02
8.142438850712173659e-01 3.775680016917176002e-02
8.149750297011340017e-01 3.759593868997012506e-02
8.156905769328457456e-01 3.744929752450942145e-02
8.163873985176403059e-01 3.731850719361773372e-02
8.170645226104480408e-01 3.720127295397263750e-02
8.176891413871529846e-01 3.709685655429932616e-02
8.183001368402317288e-01 3.700681794736918051e-02
8.189499004047171571e-01 3.693182730262403041e-02
8.196018508023190652e-01 3.687077951706076162e-02
8.202150781385389999e-01 3.681791896911427303e-02
8.207952792591439728e-01 3.678188297668005813e-02
8.213536767256950366e-01 3.675781535421500379e-02
8.218884760832658731e-01 3.674593925225120433e-02
8.224056551656854230e-01 3.674314532265807870e-02
8.229041748636263254e-01 3.675481045482629355e-02
8.234160908202216023e-01 3.677995413859751206e-02
8.239350576316901709e-01 3.681721436587945956e-02
8.244482190759677698e-01 3.686550581441133678e-02
8.249569440540065468e-01 3.692641352132811083e-02
8.253894887429776839e-01 3.699812316916196997e-02
8.257593008262978929e-01 3.707445246069548256e-02
8.261898226583707094e-01 3.716493771792019063e-02
8.266770818934988663e-01 3.726853140355140814e-02
8.271313353805983537e-01 3.738461086165337233e-02
8.275342397735123701e-01 3.750455169445306158e-02
8.279230291427042143e-01 3.763747936889119683e-02
8.282872314163460814e-01 3.777712242024689610e-02
8.286542509653100907e-01 3.792837690249727806e-02
8.290319419507313770e-01 3.809136616912693618e-02
8.293937637965820286e-01 3.826046279088100160e-02
8.297715948894112126e-01 3.843931533362165975e-02
8.300868342550252743e-01 3.862604983931069297e-02
8.303168248724748235e-01 3.881531805408750674e-02
8.306047847754645108e-01 3.901544148622801411e-02
8.309729480157387327e-01 3.922455108211284069e-02
8.313074318369688687e-01 3.943843922631221771e-02
8.316185248354984738e-01 3.965948826411654082e-02
8.318462021693602271e-01 3.987795927657185324e-02
8.320278584945930422e-01 4.010108927915558702e-02
8.320322392880558082e-01 4.032199123266833052e-02
8.317654878915874406e-01 4.053429789339296763e-02
8.315993830369542428e-01 4.075797960291454441e-02
8.316852639362274369e-01 4.100103708567018335e-02
8.318901441853395751e-01 4.126049013685979816e-02
8.322237145710628115e-01 4.153555630895502948e-02
8.325378897394719591e-01 4.181520815753359682e-02
8.327623542922193423e-01 4.210045260542732287e-02
8.329792054772418020e-01 4.238952795540897045e-02
8.332731397657513472e-01 4.269135370300677218e-02
8.335393287513408467e-01 4.299699828477535068e-02
8.337042603607265345e-01 4.330300821545644829e-02
8.338757397969785989e-01 4.361661878177948426e-02
8.340965884229948335e-01 4.393501926135558178e-02
8.343431965763812297e-01 4.425992118265124203e-02
8.346200308174722693e-01 4.459040910833832194e-02
8.348375054043367660e-01 4.492257574911012047e-02
8.348771226719359229e-01 4.524698794358089637e-02
8.348782871946496265e-01 4.557372153533594678e-02
8.349394443222466489e-01 4.590654928990853950e-02
8.350597527038285950e-01 4.624725787526669241e-02
8.352919502363307380e-01 4.659949780233021976e-02
8.355489878837493167e-01 4.695398158821160323e-02
8.357472128176400838e-01 4.730764911670933687e-02
8.358953487955516071e-01 4.766475146081341346e-02
8.359967068057952977e-01 4.801783052180025324e-02
8.360662747166556219e-01 4.837504656005815751e-02
8.361345217067286395e-01 4.872995125154837293e-02
8.362023892091001720e-01 4.909156643845199314e-02
8.362604731549927450e-01 4.945327775792601049e-02
8.363059091395593780e-01 4.981669456499129151e-02
8.364142265364098439e-01 5.018520088515816130e-02
8.365544248948139083e-01 5.055866624268243181e-02
8.366292436658772091e-01 5.092805549498431728e-02
8.366649304226828621e-01 5.129749617560636771e-02
8.367684428744839309e-01 5.167387249399527788e-02
8.369092829667735822e-01 5.205223127019487778e-02
8.369185760697194221e-01 5.242179899272202126e-02
8.368384831665081069e-01 5.279035947868468415e-02
8.368061349241724400e-01 5.316120415146531608e-02
8.368065326415506933e-01 5.353324585859244034e-02
8.369235507959069675e-01 5.391485931252963659e-02
8.371417896325307195e-01 5.430410086667305375e-02
8.372208053518396254e-01 5.468631988531765659e-02
8.371561744188890097e-01 5.505794515609370443e-02
8.371094130273101230e-01 5.542922573453683277e-02
8.370494136241141137e-01 5.580023029769185655e-02
8.371255530657486510e-01 5.618192904256964076e-02
8.373299581230914113e-01 5.657021096490796874e-02
8.373933185584137018e-01 5.695258451656703275e-02
8.373074807103462192e-01 5.732061617373148538e-02
8.372914069587159558e-01 5.769391137771655992e-02
8.373563535799299906e-01 5.807285216606448280e-02
8.373458935719494400e-01 5.844723178502261862e-02
8.372353359677275897e-01 5.881297930345259078e-02
8.371679876610714777e-01 5.918149370506708973e-02
8.371606232915352885e-01 5.955127769766128953e-02
8.371514617104343081e-01 5.992126836800826944e-02
8.371396208583936627e-01 6.029144035655292777e-02
8.371177908794146250e-01 6.065774524230425901e-02
8.370974127570066647e-01 6.102396132240205107e-02
8.370479586028249930e-01 6.138510156392251726e-02
8.369544260524134360e-01 6.174586916656544383e-02
8.368861328103791575e-01 6.210270901014728478e-02
8.368595627915185187e-01 6.246426162197338261e-02
8.368408181353931274e-01 6.282337551798793107e-02
8.368052367187817087e-01 6.318032829104275327e-02
8.367852234953481183e-01 6.353520325092040788e-02
8.368261415278759330e-01 6.389333593546582535e-02
8.368320237019667429e-01 6.424804843879697303e-02
8.367750944541477720e-01 6.459506092871722394e-02
8.366923729286159794e-01 6.493933787476512121e-02
8.365913996687703857e-01 6.528141454263090837e-02
8.365121176536550740e-01 6.562065840004636941e-02
8.365409132177284990e-01 6.596628025023672237e-02
8.365455017225457146e-01 6.630871665366171175e-02
8.364638217668456388e-01 6.664119673598840887e-02
8.363805662816797826e-01 6.697256318570146694e-02
8.363853510326073604e-01 6.730528393438155177e-02
8.363983350912281844e-01 6.763688394677727644e-02
8.363094331535764203e-01 6.796025824967302786e-02
8.362269717442295525e-01 6.828284305089217521e-02
8.363014703205100542e-01 6.861115630137480659e-02
8.364024030378697239e-01 6.893917135488650261e-02
8.363686145244145775e-01 6.925656068403902854e-02
8.362698505425486539e-01 6.956571207285412728e-02
8.361555124085930935e-01 6.987141414731426470e-02
8.360266663681590327e-01 7.017154156442073631e-02
8.358785799439039099e-01 7.046919294041428805e-02
8.357256028658951452e-01 7.076376149369255353e-02
8.357262381637762250e-01 7.106619638395327010e-02
8.357987330795081382e-01 7.136875823481164671e-02
8.357153275940593096e-01 7.165939818517937099e-02
8.355466659974412069e-01 7.194120827238878468e-02
8.355174855904711206e-01 7.222790173718117435e-02
8.355426381668350500e-01 7.251573036142297535e-02
8.354620465764949211e-01 7.279428725432124381e-02
8.353082860240229612e-01 7.306342951665381613e-02
8.351807207451190651e-01 7.333092039098126902e-02
8.350778409799847202e-01 7.359833293343757965e-02
8.350906340591401911e-01 7.386833616776902756e-02
8.351915092136188434e-01 7.414118067606134677e-02
8.351628461509746915e-01 7.440251367433652063e-02
8.350674023588370298e-01 7.465768420005104711e-02
8.350216389504954151e-01 7.491104749897074810e-02
8.350335390728610419e-01 7.516517439703726544e-02
8.349749251007956286e-01 7.541011814848659622e-02
8.348568018615922792e-01 7.565078694106666668e-02
8.347910585625021307e-01 7.588969596168368414e-02
8.347721931549664243e-01 7.612673655604688949e-02
8.347199701802789917e-01 7.636071576915030856e-02
8.346174997137628671e-01 7.658685241905843766e-02
8.345576814052315662e-01 7.681264194111812882e-02
8.345472095561147219e-01 7.703532019018342891e-02
8.345184936484696392e-01 7.725506562562971247e-02
8.344633566118563328e-01 7.747025791340324263e-02
8.344635783038610866e-01 7.768581768993586267e-02
8.345185308643012778e-01 7.789978242335281189e-02
8.345656819037093888e-01 7.810989745534574480e-02
8.345528355190240388e-01 7.831364508069392494e-02
8.345926093320694683e-01 7.851550676080086555e-02
8.347343103223351379e-01 7.872212272180591219e-02
8.347597019111073768e-01 7.891498981978310734e-02
8.345720339171956992e-01 7.909424595743780317e-02
8.344730871580154918e-01 7.927370103236390519e-02
8.346087604167797824e-01 7.946376379331532291e-02
8.347133939772262146e-01 7.964860408056327612e-02
8.346383616728144661e-01 7.981980770598232078e-02
8.346128211709710198e-01 7.999106242975624614e-02
8.347408747811804197e-01 8.016595881793203704e-02
8.348342437213456257e-01 8.033415435560435636e-02
8.347536592327202687e-01 8.049246638365706308e-02
8.347002690750576770e-01 8.064741533358386893e-02
8.348353466451162719e-01 8.080851502761968175e-02
8.349803713019597895e-01 8.096657648972029053e-02
8.349944186467719298e-01 8.111583655049456332e-02
8.349991149789898204e-01 8.126028804280741036e-02
8.351056827751293099e-01 8.140540253091167744e-02
8.352049895131417045e-01 8.154812708212326455e-02
8.351459343557472437e-01 8.167807130624404888e-02
8.350991704424424178e-01 8.180546245775237313e-02
8.352039318938798695e-01 8.193753320694845133e-02
8.353608585166837353e-01 8.206835566918077585e-02
8.354432767045671948e-01 8.219158054510090905e-02
8.355204466932425467e-01 8.230907103364751287e-02
8.357199023722663433e-01 8.243228528347076867e-02
8.359321073057179863e-01 8.254897593473854711e-02
8.359857081959398695e-01 8.265695302796657873e-02
8.359748442348243769e-01 8.275609351868677688e-02
8.359743938136119379e-01 8.285210588036724666e-02
8.359974435270574045e-01 8.294782039527115458e-02
8.361063962146808581e-01 8.304164291583338020e-02
8.362608921925154259e-01 8.313494710953353573e-02
8.363265267616214471e-01 8.322311196249808363e-02
8.363524092149500211e-01 8.330286007353415734e-02
8.364136466903197009e-01 8.338350023683653578e-02
8.365111989972412454e-01 8.346228737334121517e-02
8.366834857247490431e-01 8.353923344844643717e-02
8.369082873495119479e-01 8.361710439595622379e-02
8.369845644426922027e-01 8.368520864152860506e-02
8.369756707339007784e-01 8.374556986801887093e-02
8.370993541565547869e-01 8.380875554140779227e-02
8.373322093069777150e-01 8.387489051960099473e-02
8.375077549428758816e-01 8.393135072267395025e-02
8.376564861357058689e-01 8.398595068166124500e-02
8.377690886724665775e-01 8.403584752156967319e-02
8.378531681824575861e-01 8.407813817845188886e-02
8.379986219233017675e-01 8.412333959557780072e-02
8.381915325019813068e-01 8.416441200688891400e-02
8.383497323266644319e-01 8.420346634219501303e-02
8.384599403134860296e-01 8.423413903493395805e-02
8.385839090119475703e-01 8.426582676586374943e-02
8.387329032878839685e-01 8.429150650758227004e-02
8.388022162976774831e-01 8.431166751875295018e-02
8.387800080556375715e-01 8.432780156351733780e-02
8.388206348380299326e-01 8.433987295488389047e-02
8.389534339972732901e-01 8.435688203393947038e-02
8.391198720824815105e-01 8.436831519114174061e-02
8.393193187393052090e-01 8.438230394072031293e-02
8.395315988295947163e-01 8.438976849298950034e-02
8.397708601763128611e-01 8.439885965752601249e-02
8.399534665405148370e-01 8.439920298561988388e-02
8.400529830938434639e-01 8.439703212960886214e-02
8.401830404305362654e-01 8.438957610832405198e-02
8.403981722427421586e-01 8.438235031531414465e-02
8.406637807500804138e-01 8.437869352748401941e-02
8.410025953015068945e-01 8.437081673420476768e-02
8.412589215688949240e-01 8.435664922534182042e-02
8.413004781046149461e-01 8.433170649566758270e-02
8.413515168265656152e-01 8.430468429027188071e-02
8.415455326744946118e-01 8.427604774934258081e-02
8.417085488615748678e-01 8.424726324468241601e-02
8.417004453323895241e-01 8.421023208115931136e-02
8.417408096983459709e-01 8.417296562656872982e-02
8.419494317922995297e-01 8.413348947691598467e-02
8.422064144264069796e-01 8.409878080725936844e-02
8.424854748917084413e-01 8.406057552809413635e-02
8.427135449915771348e-01 8.402418188346252870e-02
8.427961649899702312e-01 8.397511725979359132e-02
8.428496249714371169e-01 8.392682950140649412e-02
8.429565316829982224e-01 8.387886547052071651e-02
8.431110037510207711e-01 8.383021223296380220e-02
8.433819466095473505e-01 8.378319895216158886e-02
8.436882927217850270e-01 8.373920171339122032e-02
8.439245361246855426e-01 8.369608848157174263e-02
8.441307718613435540e-01 8.364581136525039984e-02
8.442962664379738413e-01 8.359091850530735168e-02
8.444449120530170827e-01 8.353936967768148258e-02
8.446138152311710723e-01 8.348615466133180174e-02
8.447943630732585030e-01 8.343162388733403600e-02
8.449715181952313081e-01 8.337569232006009079e-02
8.451623429065199256e-01 8.331798055800995750e-02
8.453827669547484547e-01 8.325876684840362307e-02
8.456083458496757022e-01 8.319925663464314280e-02
8.458274868656592282e-01 8.313751128030194559e-02
8.460202887763934587e-01 8.307283342677743154e-02
8.461489737007461542e-01 8.299971969358370394e-02
8.462690465208783097e-01 8.292500009522317528e-02
8.464858016900808080e-01 8.285154491583239522e-02
8.467715941151920944e-01 8.277703321137577785e-02
8.470309780049366521e-01 8.269713076910099880e-02
8.472925187836278793e-01 8.261857583731231636e-02
8.475199053261927018e-01 8.253415991735184309e-02
8.477306609870380871e-01 8.244677275384937332e-02
8.479054831376662271e-01 8.235650177974621067e-02
8.480341744649612101e-01 8.226388641058823836e-02
8.482125115315211072e-01 8.217177628469282680e-02
8.484206617008506202e-01 8.207298026599632590e-02
8.486346276330166694e-01 8.197856677481844823e-02
8.488567916260146839e-01 8.187583473270211576e-02
8.491101295513450165e-01 8.177953047580766022e-02
8.493888688093027550e-01 8.168344466986357522e-02
8.495087342940395025e-01 8.157596785964663089e-02
8.494692960920973146e-01 8.147061003263979251e-02
8.496314551556253258e-01 8.136633668735115954e-02
8.500306967474562381e-01 8.126080771641555622e-02
8.503067445993476303e-01 8.115708315835708231e-02
8.504029962682837507e-01 8.105012090570534733e-02
8.505009289951075413e-01 8.093577325693812607e-02
8.506284030866068102e-01 8.082692867255382441e-02
8.509008974813104809e-01 8.072096589513316767e-02
8.514251501866706429e-01 8.061726274932137781e-02
8.517897726624726884e-01 8.050399511723821400e-02
8.518527467868677316e-01 8.039073617858899512e-02
8.519706313670242226e-01 8.027718268378260247e-02
8.522546860778033029e-01 8.015954438710959362e-02
8.525032530308164214e-01 8.004661186379632976e-02
8.526381033161729572e-01 7.993285202450492455e-02
8.527371077190017967e-01 7.981070748902954759e-02
8.527926900203894878e-01 7.969148438208024932e-02
8.529363089923891472e-01 7.957751446828441322e-02
8.532756027555149503e-01 7.945627911244479424e-02
8.536165223238324495e-01 7.934126799116368589e-02
8.538552690708568482e-01 7.922490986901434273e-02
8.540578933934869221e-01 7.910705436583508054e-02
8.542596796008716797e-01 7.898845555727034007e-02
8.544186704493620388e-01 7.886427873442439229e-02
8.545113388070795235e-01 7.874384986184830570e-02
8.546197615283677163e-01 7.862385122278353622e-02
8.548727239579636539e-01 7.850667297878287376e-02
8.551378433649460264e-01 7.838813452384217617e-02
8.552625283444839077e-01 7.826083803641106784e-02
8.553607221514156755e-01 7.814028633063330176e-02
8.555018071596323104e-01 7.802069194329247503e-02
8.556898273260709065e-01 7.790231494136994062e-02
8.559545271327771987e-01 7.777463827919352257e-02
8.562354583445297429e-01 7.765673963766028809e-02
8.564053774021332943e-01 7.753637799574149281e-02
8.565521947922846158e-01 7.740852904859940598e-02
8.567647087227088232e-01 7.729077004754174307e-02
8.570049872473679553e-01 7.716566997950677353e-02
8.571990923977031995e-01 7.704652425492505841e-02
8.573630351788071868e-01 7.692140517064856298e-02
8.575187634895653499e-01 7.680144961867586828e-02
8.576827288173451969e-01 7.668406634222960094e-02
8.579667739355022471e-01 7.655986661348736233e-02
8.582879632971111006e-01 7.644414528186461999e-02
8.584129243718464641e-01 7.632638674618849595e-02
8.584149859224493584e-01 7.620001029755849031e-02
8.585463735178431310e-01 7.608522535167086542e-02
8.587526282071931139e-01 7.597012768667822658e-02
8.589528172296363451e-01 7.584863937710437098e-02
8.591503025761796364e-01 7.573363938845320553e-02
8.593322483496087516e-01 7.562171044762731886e-02
8.595076896023269297e-01 7.550780378802900150e-02
8.596988528264152274e-01 7.539583268949842654e-02
8.599236617037903097e-01 7.527815587099347117e-02
8.601333441380242251e-01 7.516833273311193664e-02
8.603215789010016934e-01 7.505762266497725821e-02
8.604507537567963604e-01 7.494914557848142422e-02
8.605034994926528125e-01 7.484202841954867846e-02
8.606405041651331578e-01 7.472538152521217281e-02
8.608512213269642332e-01 7.462090780888178121e-02
8.610351500007409342e-01 7.451534257184008747e-02
8.611754417741496193e-01 7.441164572134119359e-02
8.613548020955549278e-01 7.430921241381288622e-02
8.615611926414905586e-01 7.419743335599933431e-02
8.618126177410109223e-01 7.409769705557918418e-02
8.621291288065073832e-01 7.399949948997536220e-02
8.623323749234310664e-01 7.390056746670091437e-02
8.623977122954420427e-01 7.379646533113985718e-02
8.624461071169390314e-01 7.369927552470326160e-02
8.624627334178843752e-01 7.360477344325183635e-02
8.625444520808703830e-01 7.350176796461008188e-02
8.627470252445622600e-01 7.341013214006074372e-02
8.629385278100947243e-01 7.332117149822427182e-02
8.630923758751906094e-01 7.323083932187121614e-02
8.632510520726789371e-01 7.313717272457738450e-02
8.634301913276649643e-01 7.304921856072185693e-02
8.636139324027157782e-01 7.296659309144284955e-02
8.638163789081675370e-01 7.287344000522290310e-02
8.639692592727631348e-01 7.279373923141356506e-02
8.640177593954726509e-01 7.271254011353260605e-02
8.640905892365864371e-01 7.263480786202050621e-02
8.642668349628888080e-01 7.254813993800868221e-02
8.644496876013303410e-01 7.247608481117642776e-02
8.645941711252486117e-01 7.240171708409488815e-02
8.647175056251316105e-01 7.232214170197251435e-02
8.647821176798798914e-01 7.225116710280267418e-02
8.648611189468263794e-01 7.218530600331057867e-02
8.650027252923331300e-01 7.211125111088516337e-02
8.651312490067586403e-01 7.204593133771926283e-02
8.651278967690771982e-01 7.198426897188506257e-02
8.651335852828968553e-01 7.191503577897623289e-02
8.652982420169054167e-01 7.185695380429522883e-02
8.654917611887259499e-01 7.180068412843851333e-02
8.655663555146304589e-01 7.173774707810572082e-02
8.656304823600805554e-01 7.168539273240352727e-02
8.658261259548282185e-01 7.163537636570431466e-02
8.660362742293070681e-01 7.157795132918615133e-02
8.661311875839458052e-01 7.153271341877212586e-02
8.661670072015922317e-01 7.148913807444937096e-02
8.662198053566378952e-01 7.143844962690887312e-02
8.662902551187735556e-01 7.139814124377906468e-02
8.663906845172267834e-01 7.136303085571622795e-02
8.665139324452094671e-01 7.131724635276077973e-02
8.666064989494748350e-01 7.128562122674268753e-02
8.666830414862296550e-01 7.124637598833738483e-02
8.667409367187464131e-01 7.121757194997645202e-02
8.667959095807366010e-01 7.119292453641763718e-02
8.669914943542055275e-01 7.116037416207561528e-02
8.672495797417669738e-01 7.113979532764190539e-02
8.672399857796914135e-01 7.111144398492390273e-02
8.670526867398922199e-01 7.109625459653047541e-02
8.671346285740103577e-01 7.107303095926749414e-02
8.673924919258813038e-01 7.106242182046164368e-02
8.675056556939906294e-01 7.104442055088099062e-02
8.675022576689919163e-01 7.103701373254114881e-02
8.675233099729577901e-01 7.102462442802934262e-02
8.675718513478867244e-01 7.102409522857416890e-02
8.675780775106401999e-01 7.102564781527012649e-02
8.675528178685768532e-01 7.102063229383066834e-02
8.675848394873160174e-01 7.102724785765440751e-02
8.676678534178522417e-01 7.102866372099911341e-02
8.677229214746767783e-01 7.104031544396743891e-02
8.677445061593230813e-01 7.105479265916961329e-02
8.677719993946322319e-01 7.106327428475661678e-02
8.678182031910933736e-01 7.108285705342307081e-02
8.678783003636770799e-01 7.110659219443513090e-02
8.679877857862225987e-01 7.112274256768358338e-02
8.680416459133609708e-01 7.115171819499142847e-02
8.680469167525151075e-01 7.117327440382371917e-02
8.679923255258052972e-01 7.120744686050753391e-02
8.678553389779766203e-01 7.124589701188567548e-02
8.678728153591638295e-01 7.127506009385660424e-02
8.681826719114661417e-01 7.131680791894605409e-02
8.683360397013497600e-01 7.135289890410628777e-02
8.681307773784200377e-01 7.140287433677616757e-02
8.679737175308239738e-01 7.145345662139561405e-02
8.679638503757814982e-01 7.149813143118857739e-02
8.679711579947954059e-01 7.155671554408632451e-02
8.679292642215871156e-01 7.160566071472977689e-02
8.679406610083481022e-01 7.166873078497108807e-02
8.680810072341188510e-01 7.172575358011543112e-02
8.681841584529403910e-01 7.179514438066965376e-02
8.681097305517152529e-01 7.185632523953591755e-02
8.680224249280726889e-01 7.192335925659569529e-02
8.680470507918883749e-01 7.200052177322595337e-02
8.680566739304120816e-01 7.207308810462492721e-02
8.679722432844250157e-01 7.215613549064348042e-02
8.678826897435141241e-01 7.223307321678228143e-02
8.678850661643413567e-01 7.232463781515777179e-02
8.678948710866823957e-01 7.240867226436528692e-02
8.678913643223142849e-01 7.249374325545181186e-02
8.678457450472728540e-01 7.259455701365383207e-02
8.677149170040562298e-01 7.269564004020123704e-02
8.675866944059713592e-01 7.279129873397045813e-02
8.676474110121178418e-01 7.289948608684472531e-02
8.677561957540997906e-01 7.301000920418533602e-02
8.676930181488703431e-01 7.311647167399909497e-02
8.675647569835389650e-01 7.323526015257596222e-02
8.674326960379611373e-01 7.335516907312425450e-02
8.673144493076496708e-01 7.347980279021576466e-02
8.672609439629813677e-01 7.360807239798260182e-02
8.672333372379251726e-01 7.373725051367444050e-02
8.671357608185461530e-01 7.386952273388024126e-02
8.669985745905844921e-01 7.401382913358980908e-02
8.669050453663739164e-01 7.415353701956392540e-02
8.668265319458349216e-01 7.429794405646791833e-02
8.667667608331897089e-01 7.445179211822494647e-02
8.667196171246707159e-01 7.460137272714648105e-02
8.665936754979850498e-01 7.476187426612405929e-02
8.664288809169994332e-01 7.492508081542488541e-02
8.663255598387292755e-01 7.508383145957994720e-02
8.662670214052321516e-01 7.525552425353808361e-02
8.661689199151513252e-01 7.542780088610614997e-02
8.660368586785203160e-01 7.560350776046444177e-02
8.658559239555283504e-01 7.578365211361044740e-02
8.656332626374060313e-01 7.596665901335146465e-02
8.655037506959464277e-01 7.615017999018411365e-02
8.654557207587750822e-01 7.634007006556631225e-02
8.653476735119272067e-01 7.653030186646248012e-02
8.651785480333508138e-01 7.672731275329859602e-02
8.650464915020537049e-01 7.692515293118391828e-02
8.649488388113112380e-01 7.711639812683671047e-02
8.648383370336500953e-01 7.732082480775959166e-02
8.647140017453555094e-01 7.752808920916673396e-02
8.645425225744844955e-01 7.773397522053844544e-02
8.643280062803718744e-01 7.794819201851682644e-02
8.641382049025095879e-01 7.816570828376431801e-02
8.639726094427589986e-01 7.837440646621957052e-02
8.638649690380364454e-01 7.859504298481252704e-02
8.637973619853469565e-01 7.881592892695966912e-02
8.636908808063241683e-01 7.904404890826499663e-02
8.634965645106251753e-01 7.926536114325653803e-02
8.633176194844334184e-01 7.949945599638337523e-02
8.631706076638027136e-01 7.972944476556742543e-02
8.629874911796433512e-01 7.995820264748007555e-02
8.627248822796899086e-01 8.020137259852064271e-02
8.624972508799596538e-01 8.043605876807299881e-02
8.623952512739373466e-01 8.068002172628108148e-02
8.622626471189078767e-01 8.092280779829015558e-02
8.620356388409912141e-01 8.116848033652014627e-02
8.618196895441887495e-01 8.142126243150028808e-02
8.616688093759832245e-01 8.166596386775167027e-02
8.614804815792013182e-01 8.191649878201429091e-02
8.611470432161224542e-01 8.217491738114145183e-02
8.608427186932425812e-01 8.242928908866552218e-02
8.607132672579485000e-01 8.269079828975105240e-02
8.606019850703767737e-01 8.296060508652436383e-02
8.604270206939784726e-01 8.322062149705655720e-02
8.602062700170312048e-01 8.349760389954759277e-02
8.598930097325594435e-01 8.377162862229943496e-02
8.595928232457296092e-01 8.404098468569128066e-02
8.594334569318187178e-01 8.432216811865853034e-02
8.592994356473195872e-01 8.460861590816790012e-02
8.591221896606396902e-01 8.488843191935964427e-02
8.589279076352439590e-01 8.517586725874955189e-02
8.587083907415020700e-01 8.547067513851190623e-02
8.584509376157868354e-01 8.575500295471355505e-02
8.580944156546744805e-01 8.605434879937262638e-02
8.577273789803087078e-01 8.635196901309975803e-02
8.574919083581676871e-01 8.665368564592697276e-02
8.572988149323869100e-01 8.696016448519565400e-02
8.569957600893783889e-01 8.726058890987616057e-02
8.566741725506534788e-01 8.757153932383295036e-02
8.564836621535303340e-01 8.788688859153358235e-02
8.563329179403922353e-01 8.820675489894694299e-02
8.561517115544524659e-01 8.852958436663428687e-02
8.559344409731560743e-01 8.884852725135572449e-02
8.556171304622217644e-01 8.917526149981976069e-02
8.552353225734519171e-01 8.949908285371376004e-02
8.549561265909284558e-01 8.982522508029601449e-02
8.547373370707745943e-01 9.015726038902525941e-02
8.544780533164182401e-01 9.049132745565569014e-02
8.542037549608421099e-01 9.082119092371407354e-02
8.539190873290481987e-01 9.116164244778166004e-02
8.536135127408371881e-01 9.150386617471718831e-02
8.532958319880441511e-01 9.185011178303086055e-02
8.529549983873985219e-01 9.219069188568747297e-02
8.526292925083351903e-01 9.254252699138303118e-02
8.523203310583988834e-01 9.289005769955856195e-02
8.520330882511610859e-01 9.324074392260631172e-02
8.517852103969825173e-01 9.360310393420274988e-02
8.515545643973638779e-01 9.395505959941725938e-02
8.513526341493751204e-01 9.431689200552434427e-02
8.510644198169470265e-01 9.467997734640175300e-02
8.506708593819057862e-01 9.504425105135816398e-02
8.502894584648658105e-01 9.539781838857733232e-02
8.499099614769446420e-01 9.576760576953077808e-02
8.496007848542631580e-01 9.614124772949150799e-02
8.493690283208348291e-01 9.651283068742572135e-02
8.491081650348140109e-01 9.688765494704153214e-02
8.488250373521334380e-01 9.726420457714762824e-02
8.484843505456043378e-01 9.764092456095371797e-02
8.480606457291876010e-01 9.801872668372711705e-02
8.476561972253576771e-01 9.839386522462643947e-02
8.472889080740355627e-01 9.877851850390141630e-02
8.469752445796787654e-01 9.916706700571305266e-02
8.467341780994280809e-01 9.955960045560621752e-02
8.464599817466288423e-01 9.995528451616796095e-02
8.461051850195668855e-01 1.003373396027290726e-01
8.457345017525652597e-01 1.007341613106233491e-01
8.453882439260048676e-01 1.011270124124537817e-01
8.450065126540362570e-01 1.015296864879829952e-01
8.445599901441936952e-01 1.019195012446927479e-01
8.441409708801976830e-01 1.023174054492629742e-01
8.438488635538434757e-01 1.027219837428877819e-01
8.435732230522581254e-01 1.031292223720075840e-01
8.433027508946885353e-01 1.035395086876704229e-01
8.429798393039520388e-01 1.039451766301942859e-01
8.425785359492445892e-01 1.043558631289135119e-01
8.421557026526255152e-01 1.047595069241908927e-01
8.416951208188124811e-01 1.051726882998246515e-01
8.412495503227924720e-01 1.055803827961112329e-01
8.407998919082664280e-01 1.059939475529819430e-01
8.404217754292411247e-01 1.064077919383890763e-01
8.402474423047490149e-01 1.068321954464024476e-01
8.400833857572937990e-01 1.072668165794189998e-01
8.397013687307836038e-01 1.076873953438326620e-01
8.392372967910058934e-01 1.081034994979300640e-01
8.388665363932218400e-01 1.085292976052196490e-01
8.385283070618826384e-01 1.089481992403842081e-01
8.381899622551448603e-01 1.093796110212949257e-01
8.378319545312404859e-01 1.098118128870722437e-01
8.373582054537875852e-01 1.102285946240124381e-01
8.368356643364815994e-01 1.106579848894061330e-01
8.364351269603482741e-01 1.110855508464889257e-01
8.361067217527090589e-01 1.115263481628474412e-01
8.358194339225687441e-01 1.119622517293437508e-01
8.355358925808072934e-01 1.123998408146069800e-01
8.350847771420903953e-01 1.128323687400714093e-01
8.345331870747608738e-01 1.132630889241923455e-01
8.341337749928404710e-01 1.136982307674167803e-01
8.338282698521944925e-01 1.141417814472833192e-01
8.334759967462883612e-01 1.145862937165167544e-01
8.331019989268169113e-01 1.150239927496791575e-01
8.326746597705501074e-01 1.154683551117024060e-01
8.322127528659777340e-01 1.159124173503980754e-01
8.317723414985104258e-01 1.163496535250877761e-01
8.313512865947823016e-01 1.167891328444743970e-01
8.309187900532533089e-01 1.172390723571116872e-01
8.305258404789057636e-01 1.176853315109835652e-01
8.301776730635068713e-01 1.181326221092591638e-01
8.298811596110149402e-01 1.185845361740145709e-01
8.295379054606472069e-01 1.190374498790396779e-01
8.291086872026497412e-01 1.194853992628829437e-01
8.287293440855998394e-01 1.199371103872830940e-01
8.284075274279832923e-01 1.203953900834106583e-01
8.280339484577663445e-01 1.208397772630199901e-01
8.275951283503666378e-01 1.212946716265304037e-01
8.271401857335282104e-01 1.217376118545363123e-01
8.266483840718353848e-01 1.221921892062721032e-01
8.262273223852862891e-01 1.226388652316105776e-01
8.258890118406398972e-01 1.230933587252332068e-01
8.255075382077178281e-01 1.235554163915932729e-01
8.251006734674967147e-01 1.240066247652722442e-01
8.246634235711438610e-01 1.244587258121700457e-01
8.241839723598909373e-01 1.249080310223851936e-01
8.237118067825934808e-01 1.253605263781377710e-01
8.232407954533254024e-01 1.258122173277622935e-01
8.228532086836207737e-01 1.262587955564394848e-01
8.226383356874342745e-01 1.267281232019217829e-01
8.223204712789746740e-01 1.271915103684707893e-01
8.217125050810767384e-01 1.276296460966603596e-01
8.211947079028543151e-01 1.280831844167604205e-01
8.210011136381959451e-01 1.285455076895796467e-01
8.208073544512868303e-01 1.290102354690145503e-01
8.204227899243146105e-01 1.294738328057135068e-01
8.200133696858002974e-01 1.299261751720930669e-01
8.196194766723539082e-01 1.303812859750245745e-01
8.191988178533189391e-01 1.308343052739642798e-01
8.187425990483663263e-01 1.312857842952372123e-01
8.182786041154636036e-01 1.317372288813343228e-01
8.177887766343823195e-01 1.321880664432451280e-01
8.173324611481169732e-01 1.326303301462716244e-01
8.169093353325899143e-01 1.330859790666388820e-01
8.165216490089365342e-01 1.335336827292913919e-01
8.160974295661839184e-01 1.339903624685505612e-01
8.156990293923628288e-01 1.344382222495646706e-01
8.153599264620636777e-01 1.349018229961553017e-01
8.150127473678866474e-01 1.353537660428269784e-01
8.145610474678417479e-01 1.357994066615450524e-01
8.140843801653180334e-01 1.362437872040178077e-01
8.136679429745435899e-01 1.367032303458976250e-01
8.132846334935026622e-01 1.371542811486900493e-01
8.128839822003638416e-01 1.376045548823851550e-01
8.125189249127895419e-01 1.380461979893366498e-01
8.121421235019878893e-01 1.384984902248277139e-01
8.117749381458411184e-01 1.389516690648865960e-01
8.113903234406339982e-01 1.394038104556993285e-01
8.109973376673711432e-01 1.398443109749454294e-01
8.105952678996262151e-01 1.402955069153889178e-01
8.102020951583739361e-01 1.407361304714198347e-01
8.098512522919109058e-01 1.411909973932482243e-01
8.095263329055945034e-01 1.416366619755480560e-01
8.090230765252539591e-01 1.420693775985518714e-01
8.084200985215280744e-01 1.424946774696371210e-01
8.080538869084813447e-01 1.429370185736782428e-01
8.078598872114139962e-01 1.433931626962488548e-01
8.074668534997671010e-01 1.438333604647965280e-01
8.069157225590128935e-01 1.442619042061007717e-01
8.064648828862551744e-01 1.446972540609182123e-01
8.061064358991337775e-01 1.451393389667985645e-01
8.057479683990027564e-01 1.455814475519557893e-01
8.054052652850552940e-01 1.460142897731530054e-01
8.049987024190764506e-01 1.464521877891430679e-01
8.045141984570971516e-01 1.468727019948175838e-01
8.040651558513089991e-01 1.473061425819612025e-01
8.036856460333583474e-01 1.477335362391949125e-01
8.032689638928195430e-01 1.481595172062433186e-01
8.028282264230941490e-01 1.485924743728055109e-01
8.024160904317937382e-01 1.490160017333345965e-01
8.020260147224654856e-01 1.494408266568649224e-01
8.016798248038478070e-01 1.498683760620090899e-01
8.014011173036849067e-01 1.503010487466413525e-01
8.010613011067008182e-01 1.507303088314884409e-01
8.006586546593643661e-01 1.511517819788295025e-01
8.002228513344687988e-01 1.515702017909342225e-01
7.997394307781833245e-01 1.519724454849569750e-01
7.993124100366325591e-01 1.523897361283934881e-01
7.990523780048707225e-01 1.528093518414508356e-01
7.986866060337387552e-01 1.532298848640644140e-01
7.981055712560131132e-01 1.536212085081659073e-01
7.976098359744357991e-01 1.540296394294695115e-01
7.973912985372622053e-01 1.544515701568100197e-01
7.971582687461091776e-01 1.548692996341363426e-01
7.967623068748609372e-01 1.552836087345813021e-01
7.963427188687747238e-01 1.556837896721631476e-01
7.958842278330404696e-01 1.560789535409481954e-01
7.954734267158075633e-01 1.564781069164357663e-01
7.951870025171877687e-01 1.568867160422225404e-01
7.949411515401044737e-01 1.572984346457013960e-01
7.947241156676426721e-01 1.577001654636168426e-01
7.944302179970658129e-01 1.581055015361730043e-01
7.939132136695219444e-01 1.584893638709463648e-01
7.933854953380956587e-01 1.588712175427388906e-01
7.930562110770680295e-01 1.592587496733706975e-01
7.927850476637838817e-01 1.596615186065900582e-01
7.924977287188077479e-01 1.600504404402008918e-01
7.921874013826356586e-01 1.604366474895667360e-01
7.917647205610509609e-01 1.608209956634478188e-01
7.913530954177268040e-01 1.611924527153040243e-01
7.910699574160515724e-01 1.615767060118723508e-01
7.907970659177613326e-01 1.619608698076485109e-01
7.903544890008699086e-01 1.623275300421107015e-01
7.898585864884113406e-01 1.626887673373074994e-01
7.894983875459451461e-01 1.630600520600525571e-01
7.892067802757191108e-01 1.634368839290104292e-01
7.888979330585913496e-01 1.638103170922392549e-01
7.885664441983663009e-01 1.641808027259668568e-01
7.881478971698321345e-01 1.645410898945029454e-01
7.877085606130559414e-01 1.648875123285554467e-01
7.873889792486012951e-01 1.652533363299091285e-01
7.871521835243503462e-01 1.656165893787786836e-01
7.868512086005341466e-01 1.659814309065979765e-01
7.865380886011212880e-01 1.663339777000792385e-01
7.862327920216996002e-01 1.666952499480933159e-01
7.859509575826728600e-01 1.670467086795184575e-01
7.856563350875198637e-01 1.673955882536018736e-01
7.853560077756709390e-01 1.677424320392509050e-01
7.849853855358732702e-01 1.680805296903618296e-01
7.845585532506959003e-01 1.684111883465120862e-01
7.842053271237069412e-01 1.687469659165535540e-01
7.839015802568984892e-01 1.690866748044635992e-01
7.836255224756271121e-01 1.694263889350648422e-01
7.833645073915657120e-01 1.697662035461133256e-01
7.830758144173054491e-01 1.701004201231854918e-01
7.827555467363279673e-01 1.704306880064915541e-01
7.824101750063655603e-01 1.707464167106240993e-01
7.820313894388236653e-01 1.710664536219852760e-01
7.817210041681587063e-01 1.713826214800765746e-01
7.815046340293889671e-01 1.717148959280629661e-01
7.813072931432349932e-01 1.720423433883456199e-01
7.811471982932254310e-01 1.723762024422253181e-01
7.809404685386406308e-01 1.726943579239005599e-01
7.806479610641945399e-01 1.730019500436509039e-01
7.803021372859613169e-01 1.733020127747296191e-01
7.798576155627913176e-01 1.735983063348841005e-01
7.794771614870911192e-01 1.738898350789380431e-01
7.791992300536085825e-01 1.741899819639323166e-01
7.789577095443078747e-01 1.744914289597672974e-01
7.787465719186016377e-01 1.747863896051325139e-01
7.785291179363907910e-01 1.750861838763198564e-01
7.783001830180453773e-01 1.753820727741274010e-01
7.780566163979091288e-01 1.756748387066999206e-01
7.777922891153330465e-01 1.759629615232926325e-01
7.775270374403940865e-01 1.762404904879319445e-01
7.772729212805054022e-01 1.765257642200210586e-01
7.769899370183235288e-01 1.767953839848296627e-01
7.765992560919383614e-01 1.770606579534455272e-01
7.762327441847453047e-01 1.773180855782661713e-01
7.759402161280629651e-01 1.775882266062702719e-01
7.757274550790598244e-01 1.778578568296034224e-01
7.756271128925049663e-01 1.781354770425600809e-01
7.755346434148521206e-01 1.784126595472890486e-01
7.753515056292131780e-01 1.786771096625709709e-01
7.751064862273253642e-01 1.789329109554833597e-01
7.748160190998346630e-01 1.791812074449656011e-01
7.745148901477250103e-01 1.794248955801682199e-01
7.742219051502948757e-01 1.796679707576996077e-01
7.739629766301507896e-01 1.799120008106443180e-01
7.737678697298792097e-01 1.801597804549363302e-01
7.735879476164797541e-01 1.804130108246797815e-01
7.733901575926300787e-01 1.806556160480269346e-01
7.731845878327827659e-01 1.808869705917817428e-01
7.729275445699135272e-01 1.811183236737134439e-01
7.726495943645333986e-01 1.813365060724283495e-01
7.723759970402884756e-01 1.815589058911664944e-01
7.721157032433167977e-01 1.817742869790045512e-01
7.719540736168269968e-01 1.820047995012803177e-01
7.718471532532665824e-01 1.822317971964903249e-01
7.717350353680930697e-01 1.824563316202944818e-01
7.716062420036610137e-01 1.826807962575857092e-01
7.714270254715936970e-01 1.828918790696925367e-01
7.712056168840679682e-01 1.830948815729220858e-01
7.709239970642158823e-01 1.832878221571482558e-01
7.706063536860510155e-01 1.834742243723236910e-01
7.703849846600365758e-01 1.836693148187692470e-01
7.702435141344176062e-01 1.838691839416242424e-01
7.700941459963560609e-01 1.840669537137683276e-01
7.699565775649475086e-01 1.842621097185394019e-01
7.698283256715037215e-01 1.844557817877122141e-01
7.696964980122532607e-01 1.846452323552667252e-01
7.695591736888647283e-01 1.848326714270450977e-01
7.694119661860570059e-01 1.850084904424313670e-01
7.692437400594143160e-01 1.851921211465080708e-01
7.690790855912301716e-01 1.853600495222377242e-01
7.688802606714605359e-01 1.855283462795143112e-01
7.686750087661327058e-01 1.856867474136949525e-01
7.684305540313193239e-01 1.858485306082128252e-01
7.681766400929412875e-01 1.859954641289088551e-01
7.679989274380729647e-01 1.861483456656647384e-01
7.679209516170790728e-01 1.863083580425410057e-01
7.678304298466803735e-01 1.864715648144487925e-01
7.677575550972504104e-01 1.866322702494985775e-01
7.676626209346032459e-01 1.867812164860173929e-01
7.675485890128548316e-01 1.869324653852657558e-01
7.673888867980218631e-01 1.870686733520238454e-01
7.671659041753708941e-01 1.871896919402943338e-01
7.669673032969515081e-01 1.873201989510045740e-01
7.668774343779780622e-01 1.874558407861681708e-01
7.668204795880479985e-01 1.875905485886971147e-01
7.668117319964666834e-01 1.877292844223180934e-01
7.667198594357480523e-01 1.878558330347373517e-01
7.665101292847804615e-01 1.879635877008995204e-01
7.663278463463182311e-01 1.880676095833554440e-01
7.662144114987571308e-01 1.881807865686387637e-01
7.661168947818048913e-01 1.882949178201780704e-01
7.660476409192882308e-01 1.884057033859121710e-01
7.659611138011387377e-01 1.885076810324409768e-01
7.657762444008833214e-01 1.885995520110112789e-01
7.656104247734576429e-01 1.886860345931679339e-01
7.655228328324646947e-01 1.887786175490860086e-01
7.654414201906669657e-01 1.888754956028993182e-01
7.654000519259174240e-01 1.889660904549746168e-01
7.653533944095249897e-01 1.890545109076666730e-01
7.652752507098284918e-01 1.891378027370325676e-01
7.651830764086905434e-01 1.892197622917826949e-01
7.650764004958439113e-01 1.892869810117804863e-01
7.649721753612397368e-01 1.893551347569500665e-01
7.648768713170032152e-01 1.894189371635764674e-01
7.648098139107714077e-01 1.894842464322466502e-01
7.647967908623217737e-01 1.895524152338617374e-01
7.648025531696259760e-01 1.896181271645925315e-01
7.647687049676821225e-01 1.896824763227709376e-01
7.647421224922187344e-01 1.897387333968633127e-01
7.647042294788333194e-01 1.897877522372004577e-01
7.646450843159598998e-01 1.898340335775682841e-01
7.645651963871364920e-01 1.898726516913309958e-01
7.644760666776110325e-01 1.899060624273971876e-01
7.644018098821923068e-01 1.899386584173118897e-01
7.643397405106577835e-01 1.899687371624160515e-01
7.642805615114020013e-01 1.899965657599939073e-01
7.642219274622324976e-01 1.900203338526390284e-01
7.641695367011133166e-01 1.900399706750597884e-01
7.641098926815792503e-01 1.900569326205721055e-01
7.641006106876033765e-01 1.900752941354613701e-01
7.641243123853252994e-01 1.900953234144387716e-01
7.641678086983009210e-01 1.901134183879127637e-01
7.642131944009085132e-01 1.901278030342308523e-01
7.642504695269386472e-01 1.901329891767322144e-01
7.642407884536751572e-01 1.901332640898354964e-01
7.642259105596956870e-01 1.901312831311741391e-01
7.641988983482774778e-01 1.901237962157669437e-01
7.641669495701450820e-01 1.901109905857358562e-01
7.641287410891897114e-01 1.900962289140039618e-01
7.641559206498259593e-01 1.900834077537651434e-01
7.642478986231856508e-01 1.900751245593730043e-01
7.642811790908087266e-01 1.900576455569265022e-01
7.642569807834305173e-01 1.900286207290741436e-01
7.641789196883217450e-01 1.899904866904136291e-01
7.640378427102085812e-01 1.899415737797850168e-01
7.639283344885278160e-01 1.898922356276044054e-01
7.638564115833441637e-01 1.898393156647886493e-01
7.638161904271764113e-01 1.897905175396061295e-01
7.638084554044913821e-01 1.897429919097631534e-01
7.638408527325416530e-01 1.896973641781987963e-01
7.639296649487348212e-01 1.896546202009900262e-01
7.640086463685907825e-01 1.896065378117089140e-01
7.640370585249870450e-01 1.895474955193337807e-01
7.640665177618640724e-01 1.894864932367284482e-01
7.640918874693570784e-01 1.894219627980708032e-01
7.641423206910935573e-01 1.893569802086239040e-01
7.642394273327921539e-01 1.892966068280016456e-01
7.643029295792688194e-01 1.892255174419596175e-01
7.642935859609784055e-01 1.891426760789322314e-01
7.642561913299775744e-01 1.890529325210493772e-01
7.641805394002796348e-01 1.889482713188693763e-01
7.642016239619244811e-01 1.888609948154385820e-01
7.644581469291178433e-01 1.887943073670172167e-01
7.647110751649793814e-01 1.887236570133582203e-01
7.648541765993580599e-01 1.886404420578538521e-01
7.648918315984918337e-01 1.885361359841136175e-01
7.647087090203470439e-01 1.884086699253859909e-01
7.645688943574852070e-01 1.882721834833274155e-01
7.646084447077392543e-01 1.881623758176813599e-01
7.647194864076436449e-01 1.880578849426683685e-01
7.648879328108368902e-01 1.879507925812544666e-01
7.650680914056993132e-01 1.878462360728965774e-01
7.652443650737723591e-01 1.877379617770716935e-01
7.653989976412672869e-01 1.876237972814701060e-01
7.655007080064600844e-01 1.874957917695593834e-01
7.655662149729810517e-01 1.873576311647728587e-01
7.655689058340992004e-01 1.872157861486799246e-01
7.655975812039859107e-01 1.870724415102720251e-01
7.658306309454198102e-01 1.869482693797143991e-01
7.661439428050865752e-01 1.868308940696432052e-01
7.663983236911183772e-01 1.867025697742066281e-01
7.666019315284418045e-01 1.865651361705310818e-01
7.665845379762279421e-01 1.864040056995548977e-01
7.664919111594673540e-01 1.862262749545933460e-01
7.665101412114695423e-01 1.860568613181081687e-01
7.666007393179681273e-01 1.858920228915271755e-01
7.667352970888315911e-01 1.857348790855284093e-01
7.669131382596839908e-01 1.855775491675661915e-01
7.670690659410437373e-01 1.854088981880276377e-01
7.672054623398569806e-01 1.852418231522126313e-01
7.673426883899644446e-01 1.850640067758795027e-01
7.674518579998587109e-01 1.848862157669184103e-01
7.675348089026217124e-01 1.847020168010774788e-01
7.676046293567492240e-01 1.845061261142727227e-01
7.677533461982083418e-01 1.843230724341879123e-01
7.679705883626097851e-01 1.841434974618246789e-01
7.682425312458521782e-01 1.839592896935058342e-01
7.685234639950837554e-01 1.837835805796689259e-01
7.686615658741700052e-01 1.835853135146033321e-01
7.686635423768862774e-01 1.833680819505281445e-01
7.686977660748438579e-01 1.831507551502210840e-01
7.687597110526899202e-01 1.829328921900542360e-01
7.689566688623368229e-01 1.827271863224144977e-01
7.693027039102885434e-01 1.825375335403905952e-01
7.696009512062571556e-01 1.823349799642317859e-01
7.698480701955839889e-01 1.821234195763866137e-01
7.700416992059307963e-01 1.819026708979556983e-01
7.701752770516920865e-01 1.816716477420047826e-01
7.702755926073370230e-01 1.814394349780108495e-01
7.703536445260170673e-01 1.811959320660861128e-01
7.704241204249006048e-01 1.809569972687227746e-01
7.704949885235962137e-01 1.807108043875435277e-01
7.706430757427774614e-01 1.804639148570151563e-01
7.708484533987871590e-01 1.802294273748456799e-01
7.710937487627207432e-01 1.799906491189987301e-01
7.713688568100901533e-01 1.797560310287835417e-01
7.716936985675154625e-01 1.795143636046113711e-01
7.720428704024060451e-01 1.792863581779416959e-01
7.723582483954537503e-01 1.790362460218650753e-01
7.725552692878002725e-01 1.787844014513964297e-01
7.727171651101651939e-01 1.785216347710882057e-01
7.728272938787676960e-01 1.782403340668872738e-01
7.729301385299133242e-01 1.779689916819169881e-01
7.730681876725487012e-01 1.776941622497283935e-01
7.732211805014888029e-01 1.774225004340905798e-01
7.734061967148575523e-01 1.771452576922002975e-01
7.736327867783191481e-01 1.768590684108828082e-01
7.739155588304642563e-01 1.765898718588193306e-01
7.742023504090780328e-01 1.763131980812608912e-01
7.744019457389990091e-01 1.760286624115187937e-01
7.745453138566265050e-01 1.757316469796833258e-01
7.745842017270652136e-01 1.754205209678085242e-01
7.746229645115203510e-01 1.751225707946048316e-01
7.748359720654280913e-01 1.748228820229395519e-01
7.751232347554393165e-01 1.745265616346766691e-01
7.754676877490139786e-01 1.742364848487307771e-01
7.758174411012567218e-01 1.739403486596568238e-01
7.760142124296993682e-01 1.736383965186157341e-01
7.761540569370010134e-01 1.733148316830621094e-01
7.762931893372081449e-01 1.729924396799374653e-01
7.764494513627054895e-01 1.726772241124030216e-01
7.767393029281727257e-01 1.723591234923641247e-01
7.770623318390429413e-01 1.720529588673145038e-01
7.773664219960986221e-01 1.717303867320369992e-01
7.776362420625483329e-01 1.714172598794544977e-01
7.778561313242491337e-01 1.710799027258619875e-01
7.780463511944519794e-01 1.707492295328205678e-01
7.782848542587298413e-01 1.704205606957910346e-01
7.785614387480289666e-01 1.700786162255297496e-01
7.788694649275249571e-01 1.697507770885600953e-01
7.791873788437962967e-01 1.694235012069858770e-01
7.793779152196704807e-01 1.690786390754597801e-01
7.794952599330589038e-01 1.687103515853567992e-01
7.795703675924843257e-01 1.683486744441316796e-01
7.796238069070877685e-01 1.679831752182017468e-01
7.798009820600487751e-01 1.676249485580596776e-01
7.800933526845339472e-01 1.672755217901857605e-01
7.803959667093305352e-01 1.669230194442476722e-01
7.807264966779534632e-01 1.665702571005494292e-01
7.810263199740151707e-01 1.662126987527637878e-01
7.812945939316082722e-01 1.658514347011524059e-01
7.815833989568949924e-01 1.654864743399122595e-01
7.818539631220285946e-01 1.651322770333372714e-01
7.821544596672195260e-01 1.647628477453988993e-01
7.824484457919889113e-01 1.643927029389515848e-01
7.827396898629724875e-01 1.640167529072241448e-01
7.829993071276792893e-01 1.636527580839731433e-01
7.832621964106756263e-01 1.632691251906583374e-01
7.835156023697349426e-01 1.628820486689440683e-01
7.837351356993600415e-01 1.625064702684604623e-01
7.839698124533053258e-01 1.621119698765181860e-01
7.841769668285676342e-01 1.617304831895225725e-01
7.843921708715512198e-01 1.613295418620202815e-01
7.845918661770022728e-01 1.609421223880531659e-01
7.847901738136832117e-01 1.605501504295855641e-01
7.850011467305452184e-01 1.601429377744027494e-01
7.852102837783541123e-01 1.597471525336507103e-01
7.854182083219354293e-01 1.593502971274151081e-01
7.856627094576160708e-01 1.589359492752571712e-01
7.859028927236741957e-01 1.585368258208421366e-01
7.861591476340931139e-01 1.581367155172933858e-01
7.864102850730659844e-01 1.577338318326617916e-01
7.866879548953907841e-01 1.573289817555976744e-01
7.869748735705861531e-01 1.569071502908542526e-01
7.872628267060903795e-01 1.564997970235003089e-01
7.875883606725769814e-01 1.560928818917760308e-01
7.879826550690999243e-01 1.556884581051909966e-01
7.883717401106526967e-01 1.552814533257445007e-01
7.887273836141855954e-01 1.548693788583923592e-01
7.890291627505371386e-01 1.544678300626436129e-01
7.892815577415291939e-01 1.540433867137459278e-01
7.894837562788957763e-01 1.536124919566380087e-01
7.896728464811166859e-01 1.531796402223908338e-01
7.898450284517947173e-01 1.527422994921605326e-01
7.899626348298305345e-01 1.523160635328648649e-01
7.900976047150783943e-01 1.518717656045459330e-01
7.902912879764669718e-01 1.514304289861558295e-01
7.905562309573584967e-01 1.509910942673425294e-01
7.908879208120473958e-01 1.505732457470964347e-01
7.912737562050256024e-01 1.501382636184261932e-01
7.915948699776558239e-01 1.497150946369923963e-01
7.919172150896732765e-01 1.492713691483535388e-01
7.921721296300319182e-01 1.488393993949745087e-01
7.924308813742059199e-01 1.483867283257742642e-01
7.926554257231804845e-01 1.479486177806404179e-01
7.928743357688141646e-01 1.475076339530942138e-01
7.930851607177314966e-01 1.470460717212790369e-01
7.932638861913814399e-01 1.465988432117446560e-01
7.934100294676945664e-01 1.461473816110593349e-01
7.935241415700836631e-01 1.456734603112069260e-01
7.936029454369037950e-01 1.452139932814925372e-01
7.936521881693148206e-01 1.447508205750740462e-01
7.937340015053798714e-01 1.442882869381105770e-01
7.938429484324635022e-01 1.438259235586560880e-01
7.939705749827516978e-01 1.433631179111050646e-01
7.941337240984700507e-01 1.428817924344931711e-01
7.943140591420815300e-01 1.424191411152142817e-01
